2.588125000000000148e-02
6.987499999999999788e-03
8.693750000000000089e-03
9.537500000000000838e-03
4.456250000000000142e-03
5.624999999999999846e-05
5.374999999999999570e-03
5.324999999999999872e-03
8.762499999999999456e-03
8.012500000000000525e-03
6.962499999999999939e-03
3.499999999999999964e-04
7.962500000000000827e-03
6.624999999999999813e-03
4.062499999999999814e-04
7.374999999999999611e-03
5.237499999999999968e-03
4.374999999999999956e-05
5.937500000000000069e-03
5.337500000000000230e-03
6.250000000000000300e-06
4.437499999999999604e-03
7.643750000000000371e-03
7.787500000000000151e-03
5.525000000000000397e-03
5.950000000000000427e-03
8.506249999999999922e-03
6.250000000000000130e-05
5.656249999999999820e-03
6.268750000000000017e-03
5.624999999999999846e-05
8.068749999999999534e-03
9.931250000000000841e-03
5.812499999999999958e-03
5.825000000000000316e-03
2.687500000000000002e-04
6.087500000000000029e-03
6.031250000000000153e-03
6.806249999999999800e-03
3.749999999999999671e-05
6.349999999999999742e-03
6.174999999999999933e-03
3.762499999999999786e-03
1.624999999999999925e-04
1.124999999999999969e-04
6.250000000000000300e-06
7.812500000000000434e-04
1.874999999999999836e-05
1.197499999999999953e-02
6.250000000000000347e-03
4.562500000000000041e-04
7.512500000000000080e-03
7.012499999999999636e-03
6.918750000000000420e-03
1.312499999999999919e-04
5.362500000000000079e-03
2.750000000000000166e-04
8.124999999999999627e-05
9.250000000000000409e-04
2.812499999999999787e-04
5.956249999999999739e-03
7.118750000000000078e-03
2.562500000000000216e-04
3.431249999999999838e-03
7.443749999999999846e-03
1.874999999999999836e-05
4.943750000000000228e-03
7.768749999999999614e-03
1.874999999999999836e-05
4.762500000000000240e-03
8.518750000000000280e-03
7.799999999999999642e-03
5.668750000000000178e-03
7.312500000000000423e-03
7.362500000000000121e-03
7.499999999999999343e-05
5.825000000000000316e-03
5.981249999999999588e-03
6.875000000000000414e-05
4.375000000000000416e-03
5.000000000000000240e-05
7.868750000000000744e-03
6.525000000000000418e-03
6.599999999999999964e-03
5.881250000000000193e-03
2.358125000000000152e-02
1.039375000000000021e-02
9.318750000000000644e-03
9.556250000000000508e-03
1.230624999999999948e-02
5.987499999999999767e-03
2.187500000000000046e-04
6.556249999999999578e-03
1.009375000000000029e-02
3.125000000000000065e-04
6.893749999999999704e-03
9.993749999999999162e-03
5.818750000000000137e-03
5.031250000000000132e-03
5.624999999999999846e-05
7.706250000000000426e-03
1.088749999999999961e-02
7.668750000000000219e-03
1.437499999999999976e-04
7.487500000000000232e-03
7.150000000000000105e-03
3.443750000000000196e-03
9.375000000000000195e-05
3.749999999999999671e-05
2.249999999999999938e-04
2.624999999999999838e-04
4.124999999999999977e-04
5.150000000000000064e-03
6.868749999999999856e-03
1.562500000000000033e-04
7.018749999999999815e-03
6.074999999999999671e-03
1.174375000000000072e-02
3.437499999999999801e-04
9.906250000000000125e-03
6.062500000000000180e-04
2.624999999999999838e-04
4.937500000000000482e-04
5.631249999999999971e-03
7.331250000000000093e-03
3.375000000000000179e-04
4.312500000000000361e-03
9.706249999999999600e-03
6.174999999999999933e-03
6.656249999999999840e-03
3.499999999999999964e-04
5.962499999999999918e-03
7.531249999999999750e-03
5.781249999999999931e-03
8.749999999999999911e-05
6.962499999999999939e-03
8.218750000000000361e-03
3.243750000000000105e-03
3.437499999999999801e-04
5.249999999999999676e-04
1.874999999999999836e-05
8.249999999999999955e-04
4.437500000000000255e-04
5.487500000000000190e-03
7.593749999999999806e-03
7.731250000000000275e-03
1.874999999999999836e-05
6.943750000000000269e-03
9.712500000000000647e-03
7.618749999999999654e-03
2.562500000000000216e-04
7.774999999999999793e-03
7.612500000000000343e-03
4.762500000000000240e-03
1.937499999999999932e-04
2.500000000000000120e-05
3.125000000000000065e-05
6.625000000000000029e-04
4.625000000000000205e-04
6.768749999999999593e-03
5.593749999999999764e-03
4.550000000000000225e-03
4.562500000000000041e-04
5.437499999999999625e-03
8.412499999999999839e-03
4.593749999999999743e-03
2.312500000000000102e-04
5.181250000000000092e-03
5.324999999999999872e-03
1.712500000000000046e-03
2.124999999999999882e-04
6.062500000000000180e-04
2.500000000000000120e-05
3.062499999999999901e-04
6.250000000000000130e-05
3.562500000000000128e-04
2.500000000000000120e-05
2.750000000000000166e-04
6.250000000000000130e-05
2.500000000000000120e-05
2.374999999999999995e-04
4.374999999999999956e-05
5.187500000000000054e-04
6.375000000000000458e-04
3.187500000000000229e-04
2.874999999999999951e-04
1.874999999999999836e-05
6.625000000000000029e-04
7.625000000000000484e-04
1.124999999999999969e-04
1.250000000000000026e-03
9.718749999999999958e-03
7.293749999999999886e-03
5.187500000000000054e-04
6.437499999999999646e-03
6.368750000000000279e-03
5.443749999999999804e-03
2.000000000000000096e-04
5.931249999999999890e-03
5.312500000000000382e-04
1.499999999999999869e-04
3.562500000000000128e-04
1.749999999999999982e-04
7.937500000000000111e-03
7.137499999999999747e-03
8.000000000000000383e-04
3.762499999999999786e-03
8.024999999999999148e-03
3.887499999999999897e-03
1.937499999999999932e-04
5.943750000000000248e-03
6.687499999999999868e-03
8.349999999999999784e-03
3.499999999999999964e-04
6.018749999999999795e-03
3.750000000000000078e-04
3.437499999999999801e-04
3.062499999999999901e-04
7.293749999999999886e-03
5.131250000000000394e-03
9.125000000000000082e-04
4.275000000000000154e-03
1.293749999999999978e-03
8.124999999999999627e-05
6.874999999999999601e-04
4.062499999999999814e-04
3.125000000000000065e-05
7.562499999999999778e-04
5.562499999999999953e-04
3.375000000000000179e-04
6.375000000000000458e-04
3.937500000000000028e-04
3.375000000000000179e-04
1.499999999999999869e-04
2.312500000000000102e-04
8.749999999999999911e-05
8.124999999999999627e-05
8.749999999999999911e-05
5.962499999999999918e-03
6.799999999999999621e-03
2.312500000000000102e-04
3.975000000000000235e-03
5.637500000000000150e-03
7.243750000000000189e-03
2.500000000000000052e-04
4.443749999999999784e-03
4.937500000000000482e-04
3.750000000000000078e-04
8.124999999999999627e-05
8.749999999999999911e-05
3.374999999999999962e-03
3.524999999999999922e-03
2.312500000000000102e-04
1.337499999999999930e-03
