6.183333333333333216e-03
3.225000000000000002e-03
1.949999999999999910e-03
1.011111111111111065e-03
2.841666666666666820e-03
4.749999999999999990e-04
1.241666666666666743e-03
1.119444444444444393e-03
1.775000000000000102e-03
9.527777777777777591e-04
3.638888888888889097e-04
1.194444444444444400e-04
1.799999999999999951e-03
1.619444444444444403e-03
1.055555555555555538e-04
6.916666666666667100e-04
2.405555555555555745e-03
3.027777777777777889e-04
9.944444444444444989e-04
1.072222222222222240e-03
8.333333333333333868e-04
1.222222222222222145e-04
8.527777777777778220e-04
5.361111111111111199e-04
1.266666666666666592e-03
1.025000000000000086e-03
4.083333333333333563e-04
1.000000000000000048e-04
9.555555555555555200e-04
7.777777777777777337e-04
3.333333333333333493e-05
7.277777777777778194e-04
1.591666666666666577e-03
8.472222222222221917e-04
9.138888888888888886e-04
2.666666666666666794e-04
1.116666666666666632e-03
5.861111111111111426e-04
5.527777777777777941e-04
1.944444444444444538e-05
9.388888888888888458e-04
5.027777777777777714e-04
3.388888888888888984e-04
6.666666666666666986e-05
1.361111111111111007e-04
3.611111111111110945e-05
7.499999999999999343e-05
4.166666666666666528e-05
1.505555555555555553e-03
1.188888888888888851e-03
1.444444444444444378e-04
7.166666666666666671e-04
1.716666666666666688e-03
7.111111111111111452e-04
1.000000000000000048e-04
6.250000000000000130e-04
8.055555555555555603e-05
5.555555555555555822e-05
3.055555555555555363e-05
1.111111111111111164e-05
6.750000000000000357e-04
7.583333333333332985e-04
2.777777777777777911e-05
4.499999999999999877e-04
2.533333333333333184e-03
3.333333333333333222e-04
1.286111111111111135e-03
1.422222222222222290e-03
5.527777777777777941e-04
1.388888888888888955e-05
6.833333333333333186e-04
5.722222222222222293e-04
1.199999999999999895e-03
9.333333333333333239e-04
5.749999999999999903e-04
6.388888888888889534e-05
8.694444444444444963e-04
8.694444444444444963e-04
2.500000000000000120e-05
5.027777777777777714e-04
5.500000000000000331e-04
1.388888888888888955e-05
5.944444444444444255e-04
5.611111111111110770e-04
5.277777777777777692e-05
6.361111111111111653e-04
5.361111111111111199e-04
5.527777777777777941e-04
5.749999999999999903e-04
5.944444444444444255e-04
1.833333333333333353e-04
4.444444444444444657e-05
7.472222222222222546e-04
5.861111111111111426e-04
2.500000000000000120e-05
6.361111111111111653e-04
8.499999999999999526e-04
7.305555555555555804e-04
9.027777777777777363e-04
6.944444444444444438e-05
5.999999999999999474e-04
6.805555555555555577e-04
4.749999999999999990e-04
5.555555555555555822e-06
7.111111111111111452e-04
6.250000000000000130e-04
4.305555555555555525e-04
3.888888888888889075e-05
3.611111111111110945e-05
5.555555555555555822e-06
3.611111111111110945e-05
9.722222222222221672e-05
1.055555555555555457e-03
9.472222222222222371e-04
6.388888888888889534e-05
6.499999999999999702e-04
4.527777777777778029e-04
8.722222222222222572e-04
1.666666666666666747e-05
6.027777777777778168e-04
2.222222222222222329e-05
1.111111111111111164e-05
1.250000000000000026e-04
2.777777777777777911e-06
8.361111111111111478e-04
5.638888888888888380e-04
3.333333333333333493e-05
4.583333333333333248e-04
1.538888888888888902e-03
7.805555555555556031e-04
8.499999999999999526e-04
1.944444444444444334e-04
7.333333333333333414e-04
6.666666666666666444e-04
4.499999999999999877e-04
3.055555555555555363e-05
7.611111111111110595e-04
6.333333333333332959e-04
2.666666666666666794e-04
3.055555555555555363e-05
1.555555555555555630e-04
5.833333333333333274e-05
5.555555555555555822e-05
4.444444444444444657e-05
7.916666666666666470e-04
6.472222222222222092e-04
9.277777777777778019e-04
7.499999999999999343e-05
5.527777777777777941e-04
4.444444444444444657e-04
8.750000000000000182e-04
8.333333333333333733e-06
6.638888888888888834e-04
6.861111111111110796e-04
2.388888888888888800e-04
1.388888888888888955e-05
2.777777777777777911e-05
8.333333333333333733e-06
4.444444444444444657e-05
6.944444444444444438e-05
6.777777777777777967e-04
5.388888888888888808e-04
5.361111111111111199e-04
3.611111111111110945e-05
6.833333333333333186e-04
7.611111111111110595e-04
5.500000000000000331e-04
1.111111111111111164e-05
3.611111111111110945e-04
4.333333333333333134e-04
9.166666666666666767e-05
2.777777777777777911e-05
4.166666666666666528e-05
2.500000000000000120e-05
1.666666666666666747e-05
1.972222222222222215e-04
2.222222222222222329e-05
2.500000000000000120e-05
1.194444444444444400e-04
2.777777777777777911e-06
3.611111111111110945e-05
3.888888888888889075e-05
1.666666666666666747e-05
1.111111111111111164e-05
4.722222222222222110e-05
1.111111111111111164e-05
5.555555555555555822e-06
4.166666666666666528e-05
1.488888888888888987e-03
1.105555555555555588e-03
1.333333333333333397e-04
7.444444444444444937e-04
1.580555555555555533e-03
7.527777777777777766e-04
3.055555555555555363e-05
7.444444444444444937e-04
1.277777777777777907e-04
1.111111111111111164e-04
2.222222222222222329e-05
1.944444444444444538e-05
6.638888888888888834e-04
6.916666666666667100e-04
2.500000000000000120e-05
4.916666666666666191e-04
1.022222222222222325e-03
6.611111111111111225e-04
4.166666666666666528e-05
6.416666666666666873e-04
5.388888888888888808e-04
7.972222222222221689e-04
1.388888888888888955e-05
5.527777777777777941e-04
2.222222222222222329e-05
1.111111111111111164e-05
1.138888888888888910e-04
1.388888888888888955e-05
8.527777777777778220e-04
5.027777777777777714e-04
5.555555555555555822e-05
5.583333333333333160e-04
1.972222222222222215e-04
5.555555555555555822e-06
8.055555555555555603e-05
3.055555555555555363e-05
8.333333333333333733e-06
2.777777777777777911e-06
6.111111111111110726e-05
5.277777777777777692e-05
2.500000000000000120e-05
5.833333333333333274e-05
5.277777777777777692e-05
1.111111111111111164e-05
3.611111111111110945e-05
8.138888888888888432e-04
7.305555555555555804e-04
1.305555555555555516e-04
2.944444444444444518e-04
6.222222222222222520e-04
8.027777777777777993e-04
3.611111111111110945e-05
4.194444444444444544e-04
4.444444444444444657e-05
3.333333333333333493e-05
2.777777777777777911e-06
1.111111111111111164e-05
4.055555555555555411e-04
3.638888888888889097e-04
2.500000000000000120e-05
2.611111111111111033e-04
3.080555555555555564e-03
6.972222222222222319e-04
1.277777777777777853e-03
1.644444444444444469e-03
6.999999999999999929e-04
3.055555555555555363e-05
7.638888888888889289e-04
9.722222222222221943e-04
1.697222222222222144e-03
1.105555555555555588e-03
8.638888888888888659e-04
8.611111111111110507e-05
1.294444444444444418e-03
6.694444444444444054e-04
6.111111111111110726e-05
8.277777777777777565e-04
6.694444444444444054e-04
8.333333333333333733e-06
6.222222222222222520e-04
7.777777777777777337e-04
1.944444444444444538e-05
8.111111111111110822e-04
8.277777777777777565e-04
9.361111111111110848e-04
6.416666666666666873e-04
7.222222222222221891e-04
4.388888888888888896e-04
8.055555555555555603e-05
9.333333333333333239e-04
8.416666666666666697e-04
1.111111111111111164e-05
8.388888888888889088e-04
7.749999999999999728e-04
1.036111111111111130e-03
6.944444444444444709e-04
3.611111111111110945e-05
7.138888888888889062e-04
6.472222222222222092e-04
8.333333333333333868e-04
2.777777777777777911e-06
8.166666666666667126e-04
6.638888888888888834e-04
3.472222222222222355e-04
2.222222222222222329e-05
1.111111111111111164e-05
5.555555555555555822e-06
3.333333333333333493e-05
7.222222222222221891e-05
1.330555555555555528e-03
1.066666666666666718e-03
6.111111111111110726e-05
8.000000000000000383e-04
5.833333333333333816e-04
1.100000000000000066e-03
1.666666666666666747e-05
7.166666666666666671e-04
6.111111111111110726e-05
2.777777777777777911e-06
1.138888888888888910e-04
6.666666666666666986e-05
8.472222222222221917e-04
8.027777777777777993e-04
4.444444444444444657e-05
4.666666666666666619e-04
7.888888888888888860e-04
8.333333333333333733e-06
8.861111111111110621e-04
7.083333333333333842e-04
2.777777777777777911e-06
6.055555555555555778e-04
6.083333333333333388e-04
6.888888888888888406e-04
6.499999999999999702e-04
3.777777777777777688e-04
8.611111111111111049e-04
5.000000000000000240e-05
8.499999999999999526e-04
8.888888888888889315e-04
2.222222222222222329e-05
5.638888888888888380e-04
1.944444444444444538e-05
1.019444444444444348e-03
4.916666666666666191e-04
3.888888888888888669e-04
7.111111111111111452e-04
3.058333333333333477e-03
1.094444444444444544e-03
1.297222222222222179e-03
6.388888888888889263e-04
8.083333333333333212e-04
2.194444444444444448e-04
7.222222222222221891e-05
5.916666666666666645e-04
1.086111111111111045e-03
4.722222222222222110e-05
1.061111111111111196e-03
1.299999999999999940e-03
2.166666666666666567e-04
6.138888888888888607e-04
8.333333333333333733e-06
6.805555555555555577e-04
4.944444444444444885e-04
4.694444444444444229e-04
1.666666666666666747e-05
4.861111111111110971e-04
3.861111111111111059e-04
6.194444444444444911e-04
1.000000000000000048e-04
1.388888888888888955e-05
1.111111111111111164e-05
3.333333333333333493e-05
1.222222222222222145e-04
9.222222222222221715e-04
7.694444444444444508e-04
1.111111111111111164e-05
9.666666666666666723e-04
5.805555555555555122e-04
1.122222222222222154e-03
8.611111111111110507e-05
1.161111111111111024e-03
1.944444444444444538e-05
1.694444444444444492e-04
1.111111111111111164e-05
2.222222222222222329e-05
6.750000000000000357e-04
7.027777777777777539e-04
6.944444444444444438e-05
7.194444444444444281e-04
9.250000000000000409e-04
5.138888888888889237e-04
5.833333333333333816e-04
7.499999999999999343e-05
5.388888888888888808e-04
6.527777777777777311e-04
3.611111111111110945e-04
1.111111111111111164e-05
6.027777777777778168e-04
5.194444444444444456e-04
2.638888888888888643e-04
4.166666666666666528e-05
3.611111111111110945e-05
2.777777777777777911e-06
2.222222222222222329e-05
1.194444444444444400e-04
7.916666666666666470e-04
1.694444444444444492e-04
5.861111111111111426e-04
2.777777777777777911e-06
4.249999999999999763e-04
1.113888888888888871e-03
7.833333333333333641e-04
2.500000000000000120e-05
4.055555555555555411e-04
4.722222222222222381e-04
1.444444444444444378e-04
3.055555555555555363e-05
1.111111111111111164e-05
4.444444444444444657e-05
8.333333333333333733e-06
7.777777777777778151e-05
6.305555555555555350e-04
5.222222222222222066e-04
2.972222222222222127e-04
2.500000000000000120e-05
5.333333333333333589e-04
5.388888888888888808e-04
3.638888888888889097e-04
1.388888888888888955e-05
2.111111111111111077e-04
4.000000000000000192e-04
1.555555555555555630e-04
5.000000000000000240e-05
3.333333333333333493e-05
5.555555555555555822e-06
3.611111111111110945e-05
2.777777777777777911e-06
8.333333333333333733e-06
4.722222222222222110e-05
7.777777777777778151e-05
8.333333333333333733e-06
3.055555555555555363e-05
6.944444444444444438e-05
1.944444444444444538e-05
4.166666666666666528e-05
1.666666666666666747e-05
7.222222222222221891e-05
3.611111111111110945e-05
8.333333333333333733e-06
7.222222222222221891e-05
6.999999999999999929e-04
5.138888888888889237e-04
3.055555555555555363e-05
5.111111111111111627e-04
3.472222222222222355e-04
7.333333333333333414e-04
5.694444444444444683e-04
4.444444444444444657e-05
2.777777777777777911e-06
1.666666666666666747e-05
6.388888888888889534e-05
6.722222222222222748e-04
7.444444444444444937e-04
5.277777777777777692e-05
2.999999999999999737e-04
7.138888888888889062e-04
6.805555555555555577e-04
1.666666666666666747e-05
6.194444444444444911e-04
4.722222222222222381e-04
9.388888888888888458e-04
7.222222222222221891e-05
9.166666666666666496e-04
2.777777777777777911e-06
6.111111111111110726e-05
2.777777777777777911e-06
2.500000000000000120e-05
4.833333333333333362e-04
5.722222222222222293e-04
6.944444444444444438e-05
6.138888888888888607e-04
1.666666666666666747e-05
1.111111111111111164e-04
2.777777777777777911e-06
5.277777777777777692e-05
1.388888888888888955e-05
1.388888888888888955e-05
5.277777777777777692e-05
5.277777777777777692e-05
1.083333333333333284e-04
1.055555555555555538e-04
1.944444444444444538e-05
8.333333333333333055e-05
6.777777777777777967e-04
6.388888888888889263e-04
5.277777777777777692e-05
3.472222222222222355e-04
3.694444444444444317e-04
5.694444444444444683e-04
5.000000000000000240e-05
5.416666666666666418e-04
1.388888888888888955e-05
6.111111111111110726e-05
8.333333333333333733e-06
3.722222222222222468e-04
2.972222222222222127e-04
4.722222222222222110e-05
3.805555555555555297e-04
1.963888888888888715e-03
1.036111111111111130e-03
9.277777777777778019e-04
2.555555555555555814e-04
7.972222222222221689e-04
9.222222222222221715e-04
7.222222222222221891e-04
5.277777777777777692e-05
8.722222222222222572e-04
7.083333333333333842e-04
2.861111111111111147e-04
4.444444444444444657e-05
1.888888888888888844e-04
1.000000000000000048e-04
6.666666666666666986e-05
4.166666666666666528e-05
1.033333333333333369e-03
7.277777777777778194e-04
7.861111111111111251e-04
1.111111111111111164e-04
5.666666666666667074e-04
6.722222222222222748e-04
5.999999999999999474e-04
1.388888888888888955e-05
6.055555555555555778e-04
6.805555555555555577e-04
1.833333333333333353e-04
3.888888888888889075e-05
2.222222222222222329e-05
2.777777777777777911e-06
2.500000000000000120e-05
7.499999999999999343e-05
6.833333333333333186e-04
6.166666666666666217e-04
4.111111111111111173e-04
6.944444444444444438e-05
6.750000000000000357e-04
8.305555555555555174e-04
4.361111111111111286e-04
1.944444444444444538e-05
3.861111111111111059e-04
4.777777777777777600e-04
1.361111111111111007e-04
2.777777777777777911e-05
6.944444444444444438e-05
3.611111111111110945e-05
1.666666666666666747e-05
3.416666666666666593e-04
3.333333333333333493e-05
5.277777777777777692e-05
1.749999999999999982e-04
2.777777777777777911e-06
3.611111111111110945e-05
1.111111111111111164e-05
8.611111111111110507e-05
4.166666666666666528e-05
4.722222222222222110e-05
2.777777777777777911e-06
1.499999999999999869e-04
2.777777777777777911e-05
2.777777777777777911e-06
1.000000000000000048e-04
1.244444444444444504e-03
7.555555555555555376e-04
7.194444444444444281e-04
8.611111111111110507e-05
6.527777777777777311e-04
7.500000000000000156e-04
6.472222222222222092e-04
1.944444444444444538e-05
8.333333333333333868e-04
5.944444444444444255e-04
4.833333333333333362e-04
4.444444444444444657e-05
4.444444444444444657e-05
8.333333333333333733e-06
7.777777777777778151e-05
1.611111111111111121e-04
9.583333333333332810e-04
3.888888888888888669e-04
7.805555555555556031e-04
8.333333333333333733e-06
4.222222222222222154e-04
1.399999999999999986e-03
6.499999999999999702e-04
6.111111111111110726e-05
5.833333333333333816e-04
8.972222222222222144e-04
1.694444444444444492e-04
4.166666666666666528e-05
4.166666666666666528e-05
5.833333333333333274e-05
1.666666666666666747e-05
3.333333333333333493e-05
6.250000000000000130e-04
5.361111111111111199e-04
3.833333333333333449e-04
4.444444444444444657e-05
6.305555555555555350e-04
6.416666666666666873e-04
5.694444444444444683e-04
3.611111111111110945e-05
2.833333333333333537e-04
5.500000000000000331e-04
1.027777777777777793e-04
3.333333333333333493e-05
3.333333333333333493e-05
2.500000000000000120e-05
6.666666666666666986e-05
5.555555555555555822e-06
2.777777777777777911e-05
8.333333333333333733e-06
1.000000000000000048e-04
5.555555555555555822e-06
1.611111111111111121e-04
1.111111111111111164e-05
3.333333333333333493e-05
1.666666666666666747e-05
6.111111111111110726e-05
2.500000000000000120e-05
2.777777777777777911e-06
8.055555555555555603e-05
6.111111111111110726e-05
2.777777777777777911e-06
5.277777777777777692e-05
9.694444444444444333e-04
5.694444444444444683e-04
5.777777777777777513e-04
1.138888888888888910e-04
5.805555555555555122e-04
7.527777777777777766e-04
3.861111111111111059e-04
3.055555555555555363e-05
5.388888888888888808e-04
4.472222222222222267e-04
1.638888888888889001e-04
2.500000000000000120e-05
1.333333333333333397e-04
4.444444444444444657e-05
4.166666666666666528e-05
2.777777777777777911e-06
8.027777777777777993e-04
6.694444444444444054e-04
8.138888888888888432e-04
3.611111111111110945e-05
6.972222222222222319e-04
8.222222222222222345e-04
7.888888888888888860e-04
3.611111111111110945e-05
4.361111111111111286e-04
7.611111111111110595e-04
1.250000000000000026e-04
5.000000000000000240e-05
5.833333333333333274e-05
6.666666666666666986e-05
3.611111111111110945e-05
2.777777777777777911e-06
3.499999999999999964e-04
5.333333333333333589e-04
2.166666666666666567e-04
4.722222222222222110e-05
3.944444444444444430e-04
7.777777777777777337e-04
2.444444444444444291e-04
3.333333333333333493e-05
1.222222222222222145e-04
2.305555555555555429e-04
3.888888888888889075e-05
1.388888888888888955e-05
3.888888888888889075e-05
1.388888888888888955e-05
1.666666666666666747e-05
2.777777777777777911e-06
7.222222222222221891e-05
1.666666666666666747e-05
1.361111111111111007e-04
5.555555555555555822e-06
2.500000000000000120e-05
1.388888888888888955e-05
6.666666666666666986e-05
1.944444444444444538e-05
4.166666666666666528e-05
1.388888888888888955e-05
2.777777777777777911e-06
1.111111111111111164e-05
2.777777777777777911e-06
1.666666666666666747e-05
3.055555555555555499e-04
1.388888888888888955e-05
7.499999999999999343e-05
2.444444444444444291e-04
8.333333333333333055e-05
2.222222222222222329e-05
7.499999999999999343e-05
2.500000000000000120e-05
9.722222222222221672e-05
8.611111111111110507e-05
1.944444444444444538e-05
1.055555555555555538e-04
2.777777777777777911e-06
3.055555555555555363e-05
3.333333333333333493e-05
5.555555555555555822e-05
8.333333333333333733e-06
2.222222222222222329e-05
8.055555555555555603e-05
7.222222222222221891e-05
1.111111111111111164e-05
1.666666666666666747e-05
4.444444444444444657e-05
1.666666666666666747e-05
1.222222222222222145e-04
5.555555555555555822e-06
8.333333333333333733e-06
8.333333333333333733e-06
1.444444444444444378e-04
2.777777777777777911e-06
1.111111111111111164e-05
2.777777777777777911e-05
5.555555555555555822e-06
1.111111111111111164e-05
2.777777777777777911e-06
1.111111111111111164e-05
6.111111111111110726e-05
5.833333333333333274e-05
2.500000000000000120e-05
3.611111111111110945e-05
1.388888888888888955e-05
3.055555555555555363e-05
1.388888888888888955e-05
2.500000000000000120e-05
5.555555555555555822e-06
1.111111111111111164e-05
3.888888888888889075e-05
1.666666666666666747e-05
3.611111111111110945e-05
1.372222222222222159e-03
9.944444444444444989e-04
2.000000000000000096e-04
7.416666666666666243e-04
1.486111111111111010e-03
4.277777777777777915e-04
4.722222222222222110e-05
7.083333333333333842e-04
1.000000000000000048e-04
8.055555555555555603e-05
1.944444444444444538e-05
1.388888888888888955e-05
8.583333333333333440e-04
6.055555555555555778e-04
2.500000000000000120e-05
3.888888888888888669e-04
1.030555555555555608e-03
7.777777777777777337e-04
2.222222222222222329e-05
8.361111111111111478e-04
6.527777777777777311e-04
7.805555555555556031e-04
1.388888888888888955e-05
4.888888888888888581e-04
1.666666666666666747e-05
4.444444444444444657e-05
5.555555555555555822e-05
9.166666666666666496e-04
6.694444444444444054e-04
5.000000000000000240e-05
6.250000000000000130e-04
3.555555555555555726e-04
5.555555555555555822e-06
1.444444444444444378e-04
8.333333333333333733e-06
1.666666666666666747e-05
2.777777777777777911e-06
3.333333333333333493e-05
3.333333333333333493e-05
2.500000000000000120e-05
2.777777777777777911e-05
5.555555555555555822e-05
5.555555555555555822e-06
3.611111111111110945e-05
8.277777777777777565e-04
7.749999999999999728e-04
1.527777777777777749e-04
3.444444444444444203e-04
5.777777777777777513e-04
7.722222222222222118e-04
8.333333333333333733e-06
3.333333333333333222e-04
3.888888888888889075e-05
5.555555555555555822e-06
8.333333333333333733e-06
5.027777777777777714e-04
3.583333333333333336e-04
2.777777777777777911e-05
2.722222222222222014e-04
9.055555555555556057e-04
7.222222222222221891e-04
1.388888888888888955e-05
7.055555555555555148e-04
6.527777777777777311e-04
8.361111111111111478e-04
2.777777777777777911e-06
3.750000000000000078e-04
5.555555555555555822e-06
2.777777777777777911e-06
6.111111111111110726e-05
6.111111111111110726e-05
7.416666666666666243e-04
8.111111111111110822e-04
4.166666666666666528e-05
4.638888888888889010e-04
7.055555555555555148e-04
6.972222222222222319e-04
8.333333333333333733e-06
5.749999999999999903e-04
4.638888888888889010e-04
1.299999999999999940e-03
1.361111111111111007e-04
6.194444444444444911e-04
2.777777777777777911e-06
9.722222222222221672e-05
5.555555555555555822e-06
1.111111111111111164e-05
5.194444444444444456e-04
5.166666666666666846e-04
6.111111111111110726e-05
4.805555555555555752e-04
1.277777777777777907e-04
6.111111111111110726e-05
5.555555555555555822e-06
1.166666666666666655e-04
1.666666666666666747e-05
4.166666666666666528e-05
1.222222222222222145e-04
2.777777777777777911e-06
9.166666666666666767e-05
6.388888888888889534e-05
1.944444444444444538e-05
1.305555555555555516e-04
8.805555555555555402e-04
8.777777777777777792e-04
8.055555555555555603e-05
4.000000000000000192e-04
4.638888888888889010e-04
6.944444444444444709e-04
6.111111111111110726e-05
5.027777777777777714e-04
1.111111111111111164e-05
1.166666666666666655e-04
2.777777777777777911e-06
1.111111111111111164e-05
5.027777777777777714e-04
3.611111111111110945e-04
7.222222222222221891e-05
3.722222222222222468e-04
4.722222222222222381e-04
3.055555555555555363e-05
1.083333333333333284e-04
2.500000000000000120e-05
1.111111111111111164e-05
2.777777777777777911e-06
6.111111111111110726e-05
7.777777777777778151e-05
3.333333333333333493e-05
6.944444444444444438e-05
1.666666666666666747e-05
1.111111111111111164e-05
2.777777777777777911e-06
1.666666666666666747e-05
6.111111111111110726e-05
4.444444444444444657e-05
2.777777777777777911e-06
6.388888888888889534e-05
8.333333333333333733e-06
5.555555555555555822e-06
6.388888888888889534e-05
1.444444444444444378e-04
9.444444444444444219e-05
8.333333333333333733e-06
1.111111111111111164e-05
2.777777777777777911e-06
1.388888888888888955e-05
5.555555555555555822e-05
1.250000000000000026e-04
2.777777777777777911e-06
5.555555555555555822e-06
1.944444444444444538e-05
1.222222222222222145e-04
4.722222222222222110e-05
7.499999999999999343e-05
2.222222222222222329e-05
8.333333333333333733e-06
8.333333333333333733e-06
2.777777777777777911e-06
8.888888888888889315e-05
6.388888888888889534e-05
1.111111111111111164e-05
5.000000000000000240e-05
6.111111111111110726e-05
3.888888888888889075e-05
8.333333333333333733e-06
2.500000000000000120e-05
2.777777777777777911e-06
3.611111111111110945e-05
8.333333333333333733e-06
2.777777777777777911e-06
3.055555555555555363e-05
9.083333333333333667e-04
7.249999999999999500e-04
8.611111111111110507e-05
3.750000000000000078e-04
6.277777777777777740e-04
9.250000000000000409e-04
1.944444444444444538e-05
4.111111111111111173e-04
1.055555555555555538e-04
2.500000000000000120e-05
2.222222222222222329e-05
5.277777777777777692e-05
3.777777777777777688e-04
2.722222222222222014e-04
1.666666666666666747e-05
2.722222222222222014e-04
6.805555555555555577e-04
8.999999999999999754e-04
5.000000000000000240e-05
3.583333333333333336e-04
6.388888888888889263e-04
8.638888888888888659e-04
8.611111111111110507e-05
6.083333333333333388e-04
7.777777777777778151e-05
2.777777777777777911e-06
3.888888888888888669e-04
2.777777777777777775e-04
4.722222222222222110e-05
2.944444444444444518e-04
5.555555555555555822e-05
2.777777777777777911e-05
2.500000000000000120e-05
3.055555555555555363e-05
5.555555555555555822e-06
1.388888888888888955e-05
5.555555555555555822e-06
1.944444444444444538e-05
1.388888888888888955e-05
2.222222222222222329e-05
5.555555555555555822e-06
1.666666666666666747e-05
1.388888888888888955e-05
1.666666666666666747e-05
1.944444444444444538e-05
5.861111111111111426e-04
2.972222222222222127e-04
9.166666666666666767e-05
9.722222222222221672e-05
3.888888888888888669e-04
4.166666666666666934e-04
8.333333333333333055e-05
1.749999999999999982e-04
1.944444444444444538e-05
2.500000000000000120e-05
2.777777777777777911e-06
2.777777777777777911e-06
2.138888888888888958e-04
1.416666666666666768e-04
3.333333333333333493e-05
1.194444444444444400e-04
3.197222222222222392e-03
6.416666666666666873e-04
8.999999999999999754e-04
1.022222222222222325e-03
4.666666666666666619e-04
2.222222222222222329e-05
3.083333333333333108e-04
5.138888888888889237e-04
1.336111111111111050e-03
4.888888888888888581e-04
5.138888888888889237e-04
6.666666666666666986e-05
1.261111111111111070e-03
1.138888888888888910e-04
3.888888888888889075e-05
7.944444444444444080e-04
7.777777777777777337e-04
1.111111111111111164e-05
4.749999999999999990e-04
7.027777777777777539e-04
2.777777777777777911e-06
5.166666666666666846e-04
5.916666666666666645e-04
6.277777777777777740e-04
1.027777777777777847e-03
7.555555555555555376e-04
7.916666666666666470e-04
5.000000000000000240e-05
6.583333333333333615e-04
4.305555555555555525e-04
1.944444444444444538e-05
8.027777777777777993e-04
9.722222222222221943e-04
8.222222222222222345e-04
6.472222222222222092e-04
2.222222222222222329e-05
8.694444444444444963e-04
3.694444444444444317e-04
6.027777777777778168e-04
8.055555555555555603e-04
4.972222222222222494e-04
4.361111111111111286e-04
2.500000000000000120e-05
1.666666666666666747e-05
5.000000000000000240e-05
2.777777777777777911e-06
8.249999999999999955e-04
5.888888888888889036e-04
1.388888888888888955e-05
6.833333333333333186e-04
5.222222222222222066e-04
5.722222222222222293e-04
2.777777777777777911e-06
2.999999999999999737e-04
1.416666666666666768e-04
2.777777777777777911e-06
2.777777777777777911e-06
3.055555555555555363e-05
6.250000000000000130e-04
8.416666666666666697e-04
1.111111111111111164e-05
3.249999999999999851e-04
6.916666666666667100e-04
1.944444444444444538e-05
6.472222222222222092e-04
7.722222222222222118e-04
2.777777777777777911e-06
4.305555555555555525e-04
5.305555555555555979e-04
1.294444444444444418e-03
8.000000000000000383e-04
4.138888888888888782e-04
1.219444444444444439e-03
1.388888888888888955e-05
9.277777777777778019e-04
4.277777777777777915e-04
1.944444444444444538e-05
9.444444444444444762e-04
1.111111111111111164e-05
4.249999999999999763e-04
7.305555555555555804e-04
4.194444444444444544e-04
7.305555555555555804e-04
3.383333333333333245e-03
1.033333333333333369e-03
1.111111111111111110e-03
6.499999999999999702e-04
5.277777777777777285e-04
4.277777777777777915e-04
6.111111111111110726e-05
5.749999999999999903e-04
8.472222222222221917e-04
4.166666666666666528e-05
7.138888888888889062e-04
1.158333333333333263e-03
6.083333333333333388e-04
8.083333333333333212e-04
8.333333333333333733e-06
6.805555555555555577e-04
1.013888888888888826e-03
2.805555555555555385e-04
5.555555555555555822e-06
6.027777777777778168e-04
5.055555555555555323e-04
7.777777777777777337e-04
1.027777777777777793e-04
4.444444444444444657e-05
1.111111111111111164e-04
9.972222222222222598e-04
4.749999999999999990e-04
2.777777777777777911e-06
1.144444444444444459e-03
8.083333333333333212e-04
1.094444444444444544e-03
9.166666666666666767e-05
1.119444444444444393e-03
1.111111111111111164e-05
1.388888888888888955e-05
2.527777777777777662e-04
5.500000000000000331e-04
8.111111111111110822e-04
4.722222222222222110e-05
4.805555555555555752e-04
7.055555555555555148e-04
7.833333333333333641e-04
4.444444444444444657e-04
3.333333333333333493e-05
7.611111111111110595e-04
8.638888888888888659e-04
4.333333333333333134e-04
1.666666666666666747e-05
7.888888888888888860e-04
6.166666666666666217e-04
3.277777777777778003e-04
2.500000000000000120e-05
3.055555555555555363e-05
2.777777777777777911e-06
3.611111111111110945e-05
1.111111111111111164e-05
5.500000000000000331e-04
4.416666666666666506e-04
1.083333333333333284e-03
2.777777777777777911e-06
8.055555555555555603e-04
1.680555555555555578e-03
7.472222222222222546e-04
2.777777777777777911e-06
7.138888888888889062e-04
7.222222222222221891e-04
3.583333333333333336e-04
5.555555555555555822e-05
5.555555555555555822e-06
2.777777777777777911e-06
6.944444444444444438e-05
3.333333333333333493e-05
6.833333333333333186e-04
5.805555555555555122e-04
4.444444444444444657e-04
1.388888888888888955e-05
6.250000000000000130e-04
9.166666666666666496e-04
6.833333333333333186e-04
1.666666666666666747e-05
3.555555555555555726e-04
7.083333333333333842e-04
1.527777777777777749e-04
2.500000000000000120e-05
4.166666666666666528e-05
1.666666666666666747e-05
3.888888888888889075e-05
2.777777777777777911e-06
2.777777777777777911e-06
8.055555555555555603e-05
5.277777777777777692e-05
4.166666666666666528e-05
1.916666666666666725e-04
5.833333333333333274e-05
5.555555555555555822e-06
1.666666666666666747e-05
2.222222222222222329e-05
2.777777777777777911e-06
1.388888888888888955e-05
9.027777777777777363e-04
5.361111111111111199e-04
1.666666666666666747e-05
7.861111111111111251e-04
9.805555555555554772e-04
4.555555555555555638e-04
3.305555555555555612e-04
8.333333333333333055e-05
5.555555555555555822e-06
2.500000000000000120e-05
8.694444444444444963e-04
1.436111111111111095e-03
1.944444444444444538e-05
4.083333333333333563e-04
7.944444444444444080e-04
5.944444444444444255e-04
5.555555555555555822e-06
7.583333333333332985e-04
7.305555555555555804e-04
9.583333333333332810e-04
1.416666666666666768e-04
9.555555555555555200e-04
2.777777777777777911e-06
2.777777777777777911e-06
7.499999999999999343e-05
5.027777777777777714e-04
6.472222222222222092e-04
5.555555555555555822e-05
4.388888888888888896e-04
1.388888888888888955e-05
2.500000000000000120e-05
9.722222222222221672e-05
2.500000000000000120e-05
8.333333333333333733e-06
2.500000000000000120e-05
5.000000000000000240e-05
2.777777777777777911e-06
1.916666666666666725e-04
2.555555555555555814e-04
1.388888888888888955e-05
1.694444444444444492e-04
7.694444444444444508e-04
7.944444444444444080e-04
2.777777777777777911e-05
5.027777777777777714e-04
5.361111111111111199e-04
5.638888888888888380e-04
3.333333333333333493e-05
4.138888888888888782e-04
7.499999999999999343e-05
4.722222222222222110e-05
7.222222222222221891e-05
3.083333333333333108e-04
5.638888888888888380e-04
2.777777777777777911e-05
2.500000000000000052e-04
6.055555555555555778e-04
2.500000000000000120e-05
3.666666666666666707e-04
4.416666666666666506e-04
1.388888888888888955e-05
1.025000000000000086e-03
1.055555555555555457e-03
7.083333333333333842e-04
6.416666666666666873e-04
2.583333333333333423e-04
8.027777777777777993e-04
1.666666666666666747e-05
4.638888888888889010e-04
2.388888888888888800e-04
1.666666666666666747e-05
5.416666666666666418e-04
1.944444444444444538e-05
2.694444444444444404e-04
1.194444444444444373e-03
3.666666666666666707e-04
7.472222222222222546e-04
2.338888888888889048e-03
8.527777777777778220e-04
8.638888888888888659e-04
7.611111111111110595e-04
3.416666666666666593e-04
6.722222222222222748e-04
8.888888888888889315e-05
6.555555555555556005e-04
7.388888888888888633e-04
3.888888888888889075e-05
7.333333333333333414e-04
8.166666666666667126e-04
6.888888888888888406e-04
5.027777777777777714e-04
8.333333333333333733e-06
5.999999999999999474e-04
1.466666666666666683e-03
2.750000000000000166e-04
5.555555555555555822e-06
3.611111111111110945e-04
8.000000000000000383e-04
5.138888888888889237e-04
5.555555555555555822e-05
8.333333333333333733e-06
3.055555555555555363e-05
9.722222222222221672e-05
9.111111111111111277e-04
5.166666666666666846e-04
1.388888888888888955e-05
1.088888888888888806e-03
7.166666666666666671e-04
8.222222222222222345e-04
6.111111111111110726e-05
7.138888888888889062e-04
8.333333333333333733e-06
1.111111111111111164e-05
1.111111111111111164e-05
2.305555555555555429e-04
3.388888888888888984e-04
8.694444444444444963e-04
4.166666666666666528e-05
4.000000000000000192e-04
2.222222222222222329e-05
4.666666666666666619e-04
9.611111111111111504e-04
2.944444444444444518e-04
5.916666666666666645e-04
1.958333333333333193e-03
6.444444444444444482e-04
6.722222222222222748e-04
6.111111111111110997e-04
1.536111111111111141e-03
6.472222222222222092e-04
3.611111111111110945e-05
8.888888888888889315e-04
8.611111111111111049e-04
3.055555555555555363e-05
8.555555555555555830e-04
1.166666666666666655e-04
4.011111111111111127e-03
1.124999999999999915e-03
2.083333333333333467e-04
2.702777777777777904e-03
5.413888888888889091e-03
2.086111111111111065e-03
1.516666666666666597e-03
1.086111111111111045e-03
2.097222222222222109e-03
8.194444444444444735e-04
1.638888888888889001e-04
1.252777777777777787e-03
2.316666666666666527e-03
8.611111111111110507e-05
9.111111111111111277e-04
6.694444444444444054e-04
6.888888888888888406e-04
1.000000000000000021e-03
1.944444444444444538e-05
1.661111111111111035e-03
1.394444444444444464e-03
1.397222222222222225e-03
1.499999999999999869e-04
6.111111111111110997e-04
4.499999999999999877e-04
9.805555555555554772e-04
1.666666666666666611e-04
6.388888888888889534e-05
2.111111111111111077e-04
6.111111111111110726e-05
5.305555555555555979e-04
1.427777777777777812e-03
4.722222222222222110e-05
7.249999999999999500e-04
1.369444444444444398e-03
1.763888888888888841e-03
5.833333333333333274e-05
1.000000000000000021e-03
6.111111111111110726e-05
1.722222222222222101e-04
1.111111111111111164e-05
2.777777777777777911e-05
4.972222222222222494e-04
1.583333333333333294e-03
1.055555555555555538e-04
4.749999999999999990e-04
5.999999999999999474e-04
5.861111111111111426e-04
1.044444444444444413e-03
2.777777777777777911e-06
8.805555555555555402e-04
9.111111111111111277e-04
7.416666666666666243e-04
2.777777777777777911e-05
6.666666666666666444e-04
4.138888888888888782e-04
5.638888888888888380e-04
5.277777777777777692e-05
1.944444444444444538e-05
2.777777777777777911e-06
5.555555555555555822e-05
1.666666666666666611e-04
8.138888888888888432e-04
1.152777777777777742e-03
1.186111111111111090e-03
3.333333333333333493e-05
1.227777777777777721e-03
9.055555555555556057e-04
1.116666666666666632e-03
1.277777777777777907e-04
6.972222222222222319e-04
5.111111111111111627e-04
5.222222222222222066e-04
1.111111111111111164e-04
4.166666666666666528e-05
2.277777777777777819e-04
8.333333333333333055e-05
6.999999999999999929e-04
1.111111111111111110e-03
4.249999999999999763e-04
1.666666666666666747e-05
6.499999999999999702e-04
5.749999999999999903e-04
3.083333333333333108e-04
4.166666666666666528e-05
5.277777777777777285e-04
4.083333333333333563e-04
4.416666666666666506e-04
8.611111111111110507e-05
2.777777777777777911e-05
1.444444444444444378e-04
1.388888888888888955e-05
1.944444444444444538e-05
3.055555555555555363e-05
1.250000000000000026e-04
5.555555555555555822e-05
1.250000000000000026e-04
5.000000000000000240e-05
1.277777777777777907e-04
5.555555555555555822e-06
4.166666666666666528e-05
2.777777777777777911e-06
5.555555555555555822e-06
4.444444444444444657e-05
1.361111111111111007e-04
5.555555555555555822e-06
7.777777777777778151e-05
2.916666666666666908e-04
6.055555555555555778e-04
8.333333333333333733e-06
5.333333333333333589e-04
6.250000000000000130e-04
9.499999999999999981e-04
4.722222222222222110e-05
6.138888888888888607e-04
1.444444444444444378e-04
2.500000000000000120e-05
6.111111111111110997e-04
1.213888888888888917e-03
7.777777777777778151e-05
3.083333333333333108e-04
6.194444444444444911e-04
1.311111111111111201e-03
4.722222222222222110e-05
8.638888888888888659e-04
9.805555555555554772e-04
1.455555555555555639e-03
1.111111111111111164e-04
9.027777777777777363e-04
2.777777777777777911e-06
1.388888888888888888e-04
1.111111111111111164e-05
1.388888888888888955e-05
5.638888888888888380e-04
1.366666666666666637e-03
7.777777777777778151e-05
3.583333333333333336e-04
2.777777777777777911e-06
1.250000000000000026e-04
1.111111111111111164e-05
8.888888888888889315e-05
1.000000000000000048e-04
1.611111111111111121e-04
2.222222222222222329e-04
1.944444444444444538e-05
1.388888888888888955e-05
5.555555555555555822e-06
1.111111111111111164e-05
4.722222222222222110e-05
6.111111111111110726e-05
5.666666666666667074e-04
6.666666666666666444e-04
2.777777777777777911e-05
6.472222222222222092e-04
7.611111111111110595e-04
7.749999999999999728e-04
3.055555555555555363e-05
5.472222222222222722e-04
2.777777777777777911e-05
1.277777777777777907e-04
3.611111111111110945e-05
3.444444444444444203e-04
8.222222222222222345e-04
8.333333333333333055e-05
3.166666666666666480e-04
8.499999999999999526e-04
5.999999999999999474e-04
7.277777777777778194e-04
3.888888888888889075e-05
8.722222222222222572e-04
6.388888888888889263e-04
5.027777777777777714e-04
5.555555555555555822e-06
7.527777777777777766e-04
4.972222222222222494e-04
3.944444444444444430e-04
2.500000000000000120e-05
8.333333333333333733e-06
7.499999999999999343e-05
4.444444444444444657e-05
6.361111111111111653e-04
7.166666666666666671e-04
1.072222222222222240e-03
1.388888888888888955e-05
7.138888888888889062e-04
9.694444444444444333e-04
1.172222222222222285e-03
2.500000000000000120e-05
6.416666666666666873e-04
4.194444444444444544e-04
4.194444444444444544e-04
5.555555555555555822e-05
2.777777777777777911e-06
2.777777777777777911e-06
1.138888888888888910e-04
5.000000000000000240e-05
5.388888888888888808e-04
6.694444444444444054e-04
2.555555555555555814e-04
2.222222222222222329e-05
7.055555555555555148e-04
9.472222222222222371e-04
2.555555555555555814e-04
1.944444444444444538e-05
4.000000000000000192e-04
5.444444444444444028e-04
1.749999999999999982e-04
1.388888888888888955e-05
3.611111111111110945e-05
3.611111111111110945e-05
1.666666666666666747e-05
1.388888888888888955e-05
2.777777777777777911e-06
6.388888888888889534e-05
1.944444444444444538e-05
5.277777777777777692e-05
7.499999999999999343e-05
8.888888888888889315e-05
5.833333333333333274e-05
5.000000000000000240e-05
2.777777777777777911e-06
1.416666666666666768e-04
4.916666666666666191e-04
5.638888888888888380e-04
8.361111111111111478e-04
2.222222222222222329e-05
5.555555555555555551e-04
8.972222222222222144e-04
7.888888888888888860e-04
1.944444444444444538e-05
5.500000000000000331e-04
2.805555555555555385e-04
4.805555555555555752e-04
4.722222222222222110e-05
5.555555555555555822e-06
5.555555555555555822e-06
8.888888888888889315e-05
8.611111111111110507e-05
6.750000000000000357e-04
9.388888888888888458e-04
8.055555555555555603e-04
6.111111111111110726e-05
9.638888888888889114e-04
8.666666666666666269e-04
9.416666666666667152e-04
1.027777777777777793e-04
7.944444444444444080e-04
6.472222222222222092e-04
2.833333333333333537e-04
3.888888888888889075e-05
4.444444444444444657e-05
1.861111111111111234e-04
5.833333333333333274e-05
5.277777777777777285e-04
6.833333333333333186e-04
2.750000000000000166e-04
4.444444444444444657e-05
5.388888888888888808e-04
3.583333333333333336e-04
3.916666666666666820e-04
5.555555555555555822e-05
2.416666666666666681e-04
2.000000000000000096e-04
1.555555555555555630e-04
2.777777777777777911e-05
1.666666666666666747e-05
5.277777777777777692e-05
5.555555555555555822e-06
1.111111111111111164e-05
7.777777777777778151e-05
1.388888888888888955e-05
5.277777777777777692e-05
3.611111111111110945e-05
1.138888888888888910e-04
4.166666666666666528e-05
5.833333333333333274e-05
5.555555555555555822e-06
1.388888888888888955e-05
5.555555555555555822e-06
2.500000000000000120e-05
1.055555555555555538e-04
6.388888888888889534e-05
6.277777777777777740e-04
5.999999999999999474e-04
5.055555555555555323e-04
4.722222222222222110e-05
7.833333333333333641e-04
7.527777777777777766e-04
5.777777777777777513e-04
1.388888888888888955e-05
4.972222222222222494e-04
3.083333333333333108e-04
2.361111111111111190e-04
3.888888888888889075e-05
6.666666666666666986e-05
6.111111111111110726e-05
5.277777777777777692e-05
2.777777777777777911e-06
6.611111111111111225e-04
8.888888888888889315e-04
4.000000000000000192e-04
5.833333333333333274e-05
6.999999999999999929e-04
5.000000000000000104e-04
4.861111111111110971e-04
4.166666666666666528e-05
3.083333333333333108e-04
4.027777777777777801e-04
1.555555555555555630e-04
1.944444444444444538e-05
4.444444444444444657e-05
1.166666666666666655e-04
8.333333333333333733e-06
5.138888888888889237e-04
6.611111111111111225e-04
1.666666666666666611e-04
5.000000000000000240e-05
3.805555555555555297e-04
3.499999999999999964e-04
2.166666666666666567e-04
2.500000000000000120e-05
1.611111111111111121e-04
2.305555555555555429e-04
6.111111111111110726e-05
2.500000000000000120e-05
1.666666666666666747e-05
3.333333333333333493e-05
1.388888888888888955e-05
1.111111111111111164e-05
1.666666666666666747e-05
3.611111111111110945e-05
4.722222222222222110e-05
3.055555555555555363e-05
5.555555555555555822e-05
2.777777777777777911e-06
2.222222222222222329e-05
3.333333333333333493e-05
5.555555555555555822e-06
2.777777777777777911e-06
1.111111111111111164e-05
1.111111111111111164e-05
2.777777777777777911e-06
1.944444444444444538e-05
2.777777777777777911e-06
2.777777777777777911e-06
1.388888888888888955e-05
2.222222222222222329e-05
3.611111111111110945e-05
5.277777777777777692e-05
5.833333333333333274e-05
2.777777777777777911e-06
1.388888888888888955e-05
2.500000000000000120e-05
1.111111111111111164e-05
7.499999999999999343e-05
5.833333333333333274e-05
3.333333333333333493e-05
1.666666666666666747e-05
1.527777777777777749e-04
6.666666666666666986e-05
3.888888888888889075e-05
2.222222222222222329e-05
1.499999999999999869e-04
5.277777777777777692e-05
5.555555555555555822e-06
2.222222222222222329e-05
5.555555555555555822e-05
5.555555555555555822e-06
4.166666666666666528e-05
3.333333333333333493e-05
1.944444444444444538e-05
4.166666666666666528e-05
2.500000000000000120e-05
3.611111111111110945e-05
5.555555555555555822e-05
1.111111111111111164e-05
2.222222222222222329e-05
1.944444444444444538e-05
2.777777777777777911e-06
2.777777777777777911e-06
2.777777777777777911e-06
8.333333333333333733e-06
1.111111111111111164e-05
9.722222222222221672e-05
2.777777777777777911e-06
7.499999999999999343e-05
5.277777777777777692e-05
3.611111111111110945e-05
6.111111111111110726e-05
5.555555555555555822e-06
2.777777777777777911e-06
1.944444444444444538e-05
5.000000000000000240e-05
5.833333333333333274e-05
4.083333333333333563e-04
3.472222222222222355e-04
1.111111111111111164e-05
3.472222222222222355e-04
4.249999999999999763e-04
6.944444444444444709e-04
4.333333333333333134e-04
4.444444444444444657e-05
2.777777777777777911e-06
2.777777777777777911e-06
1.388888888888888955e-05
5.305555555555555979e-04
7.555555555555555376e-04
1.111111111111111164e-05
1.499999999999999869e-04
4.583333333333333248e-04
6.444444444444444482e-04
8.333333333333333733e-06
4.583333333333333248e-04
7.305555555555555804e-04
1.263888888888888831e-03
9.166666666666666767e-05
6.944444444444444709e-04
1.111111111111111164e-05
5.555555555555555822e-06
2.500000000000000120e-05
5.361111111111111199e-04
6.083333333333333388e-04
4.722222222222222110e-05
2.999999999999999737e-04
2.777777777777777911e-06
2.777777777777777911e-06
1.111111111111111164e-05
5.277777777777777692e-05
8.333333333333333733e-06
1.944444444444444538e-05
5.555555555555555822e-06
5.555555555555555822e-06
3.055555555555555363e-05
5.555555555555555822e-06
1.749999999999999982e-04
1.138888888888888910e-04
1.111111111111111164e-05
8.888888888888889315e-05
9.333333333333333239e-04
5.861111111111111426e-04
2.777777777777777911e-05
5.916666666666666645e-04
4.333333333333333134e-04
5.500000000000000331e-04
4.166666666666666528e-05
4.138888888888888782e-04
5.555555555555555822e-05
3.055555555555555363e-05
1.944444444444444538e-05
3.805555555555555297e-04
4.277777777777777915e-04
1.388888888888888955e-05
2.000000000000000096e-04
3.138888888888888870e-04
7.472222222222222546e-04
8.333333333333333733e-06
4.361111111111111286e-04
6.499999999999999702e-04
9.749999999999999552e-04
5.555555555555555822e-05
5.277777777777777285e-04
5.277777777777777692e-05
3.333333333333333493e-05
1.944444444444444538e-05
5.749999999999999903e-04
1.036111111111111130e-03
7.222222222222221891e-05
2.750000000000000166e-04
6.055555555555555778e-04
1.283333333333333375e-03
3.611111111111110945e-05
7.666666666666666899e-04
8.194444444444444735e-04
1.275000000000000092e-03
1.416666666666666768e-04
8.388888888888889088e-04
5.555555555555555822e-06
2.361111111111111190e-04
1.944444444444444538e-05
1.944444444444444538e-05
6.833333333333333186e-04
9.527777777777777591e-04
7.499999999999999343e-05
2.527777777777777662e-04
2.500000000000000120e-05
1.111111111111111164e-05
1.666666666666666747e-05
1.333333333333333397e-04
8.888888888888889315e-05
6.111111111111110726e-05
2.777777777777777911e-06
8.333333333333333733e-06
2.222222222222222329e-05
5.555555555555555822e-06
4.166666666666666528e-05
2.777777777777777911e-06
1.944444444444444538e-05
6.694444444444444054e-04
5.861111111111111426e-04
3.611111111111110945e-05
5.472222222222222722e-04
5.999999999999999474e-04
6.416666666666666873e-04
1.944444444444444538e-05
4.444444444444444657e-04
4.166666666666666528e-05
1.277777777777777907e-04
2.777777777777777911e-06
2.777777777777777911e-05
4.000000000000000192e-04
5.027777777777777714e-04
6.111111111111110726e-05
1.472222222222222259e-04
3.888888888888889075e-05
2.777777777777777911e-06
1.583333333333333240e-04
5.555555555555555822e-06
1.666666666666666747e-05
5.555555555555555822e-05
1.194444444444444400e-04
1.083333333333333284e-04
2.555555555555555814e-04
2.777777777777777911e-06
3.055555555555555363e-05
8.333333333333333733e-06
1.666666666666666747e-05
2.777777777777777911e-06
4.166666666666666528e-05
5.555555555555555822e-06
1.944444444444444538e-05
1.388888888888888955e-05
2.666666666666666794e-04
1.083333333333333284e-04
1.388888888888888955e-05
2.500000000000000120e-05
9.444444444444444219e-05
6.388888888888889534e-05
2.777777777777777911e-06
1.111111111111111164e-05
5.555555555555555822e-05
3.055555555555555363e-05
2.222222222222222329e-05
2.777777777777777911e-06
5.555555555555555822e-05
1.111111111111111164e-05
8.333333333333333733e-06
3.611111111111110945e-05
2.777777777777777911e-06
3.333333333333333493e-05
6.388888888888889534e-05
3.055555555555555363e-05
2.777777777777777911e-06
2.777777777777777911e-06
2.777777777777777911e-06
2.777777777777777911e-06
2.777777777777777911e-06
3.055555555555555363e-05
4.722222222222222110e-05
3.333333333333333493e-05
3.611111111111110945e-05
1.388888888888888955e-05
2.777777777777777911e-05
2.777777777777777911e-06
2.777777777777777911e-06
2.777777777777777911e-06
1.666666666666666747e-05
3.055555555555555363e-05
1.666666666666666747e-05
4.166666666666666528e-05
5.749999999999999903e-04
5.416666666666666418e-04
2.777777777777777911e-05
3.666666666666666707e-04
5.138888888888889237e-04
6.555555555555556005e-04
3.055555555555555363e-05
4.472222222222222267e-04
1.111111111111111164e-05
1.111111111111111164e-04
5.555555555555555822e-06
4.055555555555555411e-04
7.777777777777777337e-04
7.499999999999999343e-05
3.027777777777777889e-04
5.638888888888888380e-04
6.555555555555556005e-04
3.333333333333333493e-05
5.999999999999999474e-04
6.555555555555556005e-04
7.138888888888889062e-04
3.055555555555555363e-05
5.027777777777777714e-04
8.333333333333333733e-06
6.111111111111110726e-05
2.222222222222222329e-05
4.333333333333333134e-04
5.194444444444444456e-04
8.055555555555555603e-05
1.638888888888889001e-04
7.499999999999999343e-05
8.055555555555555603e-05
5.555555555555555822e-05
6.666666666666666986e-05
6.388888888888889534e-05
8.333333333333333733e-06
5.555555555555555822e-05
1.944444444444444538e-05
2.777777777777777911e-06
1.944444444444444538e-05
2.222222222222222329e-05
5.555555555555555822e-06
3.333333333333333493e-05
5.861111111111111426e-04
4.833333333333333362e-04
8.055555555555555603e-05
2.999999999999999737e-04
5.555555555555555551e-04
3.972222222222222040e-04
4.722222222222222110e-05
2.833333333333333537e-04
2.777777777777777911e-05
2.222222222222222329e-05
2.777777777777777911e-06
1.388888888888888955e-05
2.333333333333333310e-04
3.694444444444444317e-04
6.666666666666666986e-05
1.944444444444444334e-04
1.927777777777777823e-03
8.111111111111110822e-04
8.777777777777777792e-04
2.194444444444444448e-04
4.527777777777778029e-04
4.194444444444444544e-04
1.452777777777777878e-03
3.055555555555555363e-05
9.666666666666666723e-04
6.527777777777777311e-04
4.083333333333333563e-04
7.222222222222221891e-05
1.111111111111111164e-04
6.944444444444444438e-05
7.499999999999999343e-05
5.555555555555555822e-05
9.944444444444444989e-04
7.361111111111111023e-04
7.055555555555555148e-04
6.944444444444444438e-05
8.249999999999999955e-04
7.388888888888888633e-04
3.472222222222222355e-04
8.333333333333333733e-06
6.527777777777777311e-04
7.361111111111111023e-04
2.861111111111111147e-04
3.888888888888889075e-05
8.333333333333333733e-06
2.777777777777777911e-05
8.055555555555555603e-05
6.722222222222222748e-04
6.138888888888888607e-04
4.138888888888888782e-04
6.111111111111110726e-05
6.861111111111110796e-04
8.694444444444444963e-04
3.027777777777777889e-04
1.666666666666666747e-05
4.611111111111110858e-04
4.777777777777777600e-04
1.305555555555555516e-04
4.722222222222222110e-05
9.722222222222221672e-05
5.000000000000000240e-05
2.500000000000000120e-05
1.888888888888888844e-04
3.055555555555555363e-05
5.000000000000000240e-05
1.722222222222222101e-04
1.111111111111111164e-05
1.666666666666666747e-05
1.944444444444444538e-05
2.500000000000000120e-05
2.222222222222222329e-05
3.333333333333333493e-05
2.777777777777777911e-06
7.222222222222221891e-05
1.944444444444444538e-05
1.388888888888888955e-05
1.527777777777777749e-04
1.138888888888888937e-03
6.999999999999999929e-04
8.000000000000000383e-04
6.388888888888889534e-05
7.666666666666666899e-04
1.044444444444444413e-03
2.583333333333333423e-04
2.777777777777777911e-06
6.166666666666666217e-04
6.694444444444444054e-04
3.472222222222222355e-04
6.944444444444444438e-05
2.500000000000000120e-05
1.111111111111111164e-05
2.500000000000000120e-05
1.388888888888888888e-04
7.944444444444444080e-04
6.777777777777777967e-04
6.388888888888889263e-04
1.944444444444444538e-05
4.361111111111111286e-04
1.494444444444444509e-03
1.011111111111111065e-03
3.333333333333333493e-05
5.916666666666666645e-04
8.000000000000000383e-04
3.138888888888888870e-04
3.888888888888889075e-05
1.388888888888888955e-05
9.444444444444444219e-05
5.277777777777777692e-05
3.888888888888889075e-05
5.999999999999999474e-04
5.500000000000000331e-04
3.111111111111111260e-04
3.611111111111110945e-05
7.305555555555555804e-04
5.749999999999999903e-04
3.555555555555555726e-04
1.944444444444444538e-05
3.611111111111110945e-04
5.833333333333333816e-04
1.472222222222222259e-04
3.611111111111110945e-05
6.388888888888889534e-05
6.388888888888889534e-05
4.444444444444444657e-05
1.944444444444444538e-05
5.555555555555555822e-06
5.555555555555555822e-05
6.666666666666666986e-05
1.250000000000000026e-04
5.555555555555555822e-06
8.333333333333333733e-06
2.500000000000000120e-05
6.111111111111110726e-05
2.500000000000000120e-05
2.777777777777777911e-06
1.111111111111111164e-04
7.777777777777778151e-05
2.222222222222222329e-05
1.333333333333333397e-04
8.555555555555555830e-04
5.500000000000000331e-04
4.444444444444444657e-04
7.499999999999999343e-05
5.027777777777777714e-04
9.305555555555555629e-04
3.416666666666666593e-04
1.388888888888888955e-05
3.444444444444444203e-04
3.472222222222222355e-04
1.277777777777777907e-04
1.666666666666666747e-05
9.166666666666666767e-05
5.000000000000000240e-05
1.944444444444444538e-05
2.777777777777777911e-06
8.694444444444444963e-04
7.611111111111110595e-04
5.277777777777777285e-04
4.166666666666666528e-05
8.000000000000000383e-04
9.416666666666667152e-04
5.000000000000000104e-04
1.944444444444444538e-05
2.777777777777777775e-04
5.555555555555555551e-04
8.888888888888889315e-05
1.666666666666666747e-05
7.222222222222221891e-05
5.000000000000000240e-05
2.777777777777777911e-05
3.944444444444444430e-04
5.500000000000000331e-04
1.305555555555555516e-04
3.333333333333333493e-05
4.611111111111110858e-04
9.222222222222221715e-04
1.527777777777777749e-04
1.666666666666666747e-05
1.861111111111111234e-04
3.722222222222222468e-04
4.166666666666666528e-05
2.500000000000000120e-05
4.444444444444444657e-05
2.777777777777777911e-05
1.111111111111111164e-05
8.333333333333333055e-05
1.027777777777777793e-04
1.055555555555555538e-04
2.777777777777777911e-06
3.333333333333333493e-05
1.666666666666666747e-05
5.277777777777777692e-05
2.777777777777777911e-06
2.777777777777777911e-06
3.611111111111110945e-05
8.333333333333333733e-06
8.333333333333333733e-06
1.111111111111111164e-05
8.333333333333333733e-06
1.972222222222222215e-04
1.027777777777777793e-04
7.777777777777778151e-05
1.194444444444444400e-04
5.555555555555555822e-06
5.555555555555555822e-06
7.499999999999999343e-05
4.000000000000000192e-04
9.166666666666666767e-05
6.111111111111110726e-05
6.111111111111110726e-05
5.555555555555555822e-06
8.333333333333333733e-06
3.333333333333333493e-05
1.388888888888888955e-05
1.666666666666666747e-05
6.111111111111110726e-05
2.777777777777777911e-06
3.333333333333333493e-05
5.555555555555555822e-06
4.722222222222222110e-05
1.499999999999999869e-04
6.944444444444444438e-05
2.777777777777777911e-06
2.500000000000000120e-05
3.055555555555555363e-05
3.055555555555555363e-05
4.722222222222222110e-05
9.722222222222221672e-05
1.138888888888888910e-04
2.777777777777777911e-05
5.277777777777777692e-05
1.194444444444444400e-04
3.611111111111110945e-05
3.888888888888889075e-05
1.666666666666666747e-05
5.555555555555555822e-06
2.777777777777777911e-06
5.555555555555555822e-06
3.055555555555555363e-05
3.611111111111110945e-05
2.222222222222222329e-05
1.055555555555555538e-04
1.666666666666666747e-05
1.388888888888888955e-05
1.111111111111111164e-05
1.388888888888888955e-05
8.333333333333333733e-06
5.555555555555555822e-06
3.333333333333333493e-05
5.555555555555555822e-06
8.333333333333333733e-06
3.888888888888889075e-05
1.186111111111111090e-03
8.277777777777777565e-04
7.249999999999999500e-04
6.666666666666666986e-05
6.361111111111111653e-04
9.916666666666667379e-04
2.999999999999999737e-04
5.555555555555555822e-06
6.750000000000000357e-04
4.722222222222222381e-04
4.305555555555555525e-04
3.888888888888889075e-05
2.222222222222222329e-05
8.333333333333333733e-06
2.222222222222222329e-05
9.444444444444444219e-05
7.083333333333333842e-04
6.611111111111111225e-04
6.861111111111110796e-04
5.555555555555555822e-06
4.583333333333333248e-04
1.188888888888888851e-03
6.138888888888888607e-04
2.777777777777777911e-05
5.972222222222221865e-04
3.805555555555555297e-04
3.055555555555555499e-04
2.500000000000000120e-05
8.333333333333333733e-06
3.888888888888889075e-05
7.777777777777778151e-05
3.055555555555555363e-05
4.972222222222222494e-04
6.166666666666666217e-04
2.472222222222222442e-04
3.055555555555555363e-05
5.861111111111111426e-04
8.472222222222221917e-04
1.805555555555555473e-04
1.944444444444444538e-05
3.972222222222222040e-04
5.333333333333333589e-04
1.527777777777777749e-04
3.055555555555555363e-05
3.055555555555555363e-05
4.722222222222222110e-05
2.500000000000000120e-05
1.944444444444444538e-05
2.777777777777777911e-06
8.055555555555555603e-05
2.222222222222222329e-05
2.777777777777777911e-06
1.944444444444444538e-05
5.555555555555555822e-06
8.611111111111110507e-05
5.833333333333333274e-05
9.444444444444444219e-05
8.333333333333333055e-05
3.611111111111110945e-05
4.722222222222222110e-05
5.555555555555555822e-06
4.444444444444444657e-05
8.972222222222222144e-04
7.277777777777778194e-04
9.388888888888888458e-04
1.388888888888888955e-05
4.027777777777777801e-04
1.441666666666666617e-03
4.527777777777778029e-04
1.666666666666666747e-05
8.944444444444444534e-04
3.805555555555555297e-04
5.527777777777777941e-04
4.722222222222222110e-05
2.222222222222222329e-05
3.611111111111110945e-05
6.944444444444444438e-05
1.499999999999999869e-04
1.397222222222222225e-03
1.336111111111111050e-03
9.222222222222221715e-04
1.805555555555555473e-04
1.316666666666666723e-03
1.227777777777777721e-03
8.083333333333333212e-04
1.666666666666666611e-04
8.666666666666666269e-04
8.805555555555555402e-04
2.888888888888888756e-04
6.944444444444444438e-05
6.388888888888889534e-05
2.166666666666666567e-04
5.555555555555555822e-06
8.888888888888889315e-05
7.277777777777778194e-04
8.444444444444444307e-04
3.583333333333333336e-04
8.055555555555555603e-05
8.861111111111110621e-04
6.999999999999999929e-04
6.833333333333333186e-04
7.499999999999999343e-05
3.249999999999999851e-04
2.416666666666666681e-04
1.583333333333333240e-04
3.611111111111110945e-05
4.722222222222222110e-05
9.166666666666666767e-05
5.555555555555555822e-06
1.111111111111111164e-05
2.777777777777777911e-06
1.888888888888888844e-04
8.333333333333333733e-06
7.499999999999999343e-05
8.611111111111110507e-05
2.361111111111111190e-04
2.222222222222222329e-05
8.888888888888889315e-05
5.555555555555555822e-06
4.722222222222222110e-05
5.555555555555555822e-06
5.555555555555555822e-05
1.222222222222222145e-04
5.555555555555555822e-06
1.111111111111111164e-04
9.555555555555555200e-04
5.833333333333333816e-04
5.361111111111111199e-04
8.611111111111110507e-05
7.527777777777777766e-04
6.499999999999999702e-04
6.722222222222222748e-04
3.333333333333333493e-05
4.277777777777777915e-04
3.138888888888888870e-04
2.222222222222222329e-04
1.388888888888888955e-05
7.499999999999999343e-05
8.888888888888889315e-05
8.611111111111110507e-05
7.416666666666666243e-04
8.583333333333333440e-04
3.055555555555555499e-04
6.944444444444444438e-05
7.555555555555555376e-04
5.638888888888888380e-04
4.611111111111110858e-04
7.222222222222221891e-05
4.083333333333333563e-04
4.444444444444444657e-04
1.777777777777777863e-04
6.666666666666666986e-05
7.777777777777778151e-05
1.499999999999999869e-04
5.555555555555555822e-06
1.111111111111111164e-05
4.166666666666666934e-04
5.333333333333333589e-04
1.166666666666666655e-04
3.888888888888889075e-05
3.055555555555555499e-04
2.916666666666666908e-04
2.388888888888888800e-04
5.000000000000000240e-05
1.083333333333333284e-04
1.333333333333333397e-04
5.277777777777777692e-05
1.388888888888888955e-05
3.611111111111110945e-05
4.166666666666666528e-05
2.777777777777777911e-06
2.777777777777777911e-06
5.555555555555555822e-05
5.000000000000000240e-05
2.500000000000000120e-05
1.388888888888888955e-05
6.944444444444444438e-05
4.722222222222222110e-05
1.666666666666666747e-05
3.888888888888889075e-05
1.388888888888888955e-05
8.333333333333333733e-06
8.333333333333333733e-06
1.111111111111111164e-05
2.777777777777777911e-06
2.777777777777777911e-06
8.333333333333333733e-06
5.555555555555555822e-06
2.500000000000000120e-05
7.222222222222221891e-05
9.722222222222221672e-05
2.777777777777777911e-06
1.138888888888888910e-04
5.555555555555555822e-06
1.194444444444444400e-04
8.611111111111110507e-05
5.555555555555555822e-06
3.888888888888889075e-05
5.833333333333333274e-05
8.333333333333333733e-06
1.944444444444444538e-05
1.361111111111111007e-04
1.111111111111111164e-05
3.333333333333333493e-05
6.111111111111110726e-05
3.666666666666666707e-04
8.611111111111110507e-05
1.027777777777777793e-04
8.333333333333333733e-06
1.638888888888889001e-04
1.666666666666666747e-05
2.777777777777777911e-06
5.000000000000000240e-05
1.027777777777777793e-04
5.555555555555555822e-06
4.444444444444444657e-05
8.888888888888889315e-05
3.333333333333333493e-05
4.444444444444444657e-05
2.777777777777777911e-06
5.277777777777777692e-05
7.222222222222221891e-05
2.777777777777777911e-06
1.666666666666666747e-05
1.944444444444444538e-05
1.944444444444444538e-05
2.777777777777777911e-06
5.555555555555555822e-06
5.555555555555555822e-06
8.333333333333333733e-06
6.388888888888889534e-05
1.000000000000000048e-04
2.777777777777777911e-06
2.777777777777777911e-05
6.111111111111110726e-05
6.111111111111110726e-05
5.555555555555555822e-06
5.000000000000000240e-05
2.777777777777777911e-06
8.333333333333333733e-06
3.333333333333333493e-05
4.722222222222222110e-05
5.555555555555555822e-05
1.213888888888888917e-03
6.055555555555555778e-04
6.972222222222222319e-04
9.444444444444444219e-05
5.444444444444444028e-04
5.999999999999999474e-04
6.166666666666666217e-04
1.388888888888888955e-05
5.555555555555555551e-04
2.944444444444444518e-04
2.333333333333333310e-04
4.166666666666666528e-05
1.277777777777777907e-04
6.388888888888889534e-05
5.000000000000000240e-05
5.555555555555555822e-06
9.888888888888889769e-04
6.833333333333333186e-04
5.722222222222222293e-04
7.222222222222221891e-05
7.694444444444444508e-04
3.333333333333333222e-04
5.666666666666667074e-04
3.888888888888889075e-05
4.805555555555555752e-04
5.083333333333332933e-04
1.194444444444444400e-04
2.777777777777777911e-05
5.555555555555555822e-05
7.499999999999999343e-05
4.722222222222222110e-05
2.777777777777777911e-06
4.194444444444444544e-04
4.194444444444444544e-04
1.583333333333333240e-04
5.555555555555555822e-05
2.999999999999999737e-04
5.138888888888889237e-04
1.361111111111111007e-04
1.944444444444444538e-05
1.861111111111111234e-04
2.638888888888888643e-04
6.944444444444444438e-05
1.666666666666666747e-05
5.833333333333333274e-05
3.888888888888889075e-05
2.777777777777777911e-06
8.888888888888889315e-05
1.388888888888888888e-04
1.666666666666666611e-04
8.333333333333333055e-05
5.555555555555555822e-05
7.499999999999999343e-05
2.777777777777777911e-06
4.444444444444444657e-05
6.944444444444444438e-05
2.777777777777777911e-05
5.555555555555555822e-06
1.111111111111111164e-05
9.111111111111111277e-04
6.111111111111110997e-04
5.222222222222222066e-04
7.499999999999999343e-05
7.249999999999999500e-04
6.138888888888888607e-04
6.694444444444444054e-04
5.277777777777777692e-05
3.777777777777777688e-04
3.138888888888888870e-04
1.583333333333333240e-04
5.277777777777777692e-05
1.222222222222222145e-04
1.250000000000000026e-04
7.777777777777778151e-05
2.777777777777777911e-06
8.833333333333333011e-04
9.083333333333333667e-04
3.777777777777777688e-04
9.444444444444444219e-05
8.305555555555555174e-04
5.000000000000000104e-04
4.666666666666666619e-04
7.777777777777778151e-05
4.083333333333333563e-04
6.777777777777777967e-04
1.361111111111111007e-04
6.666666666666666986e-05
9.166666666666666767e-05
9.722222222222221672e-05
2.777777777777777911e-06
8.333333333333333733e-06
5.222222222222222066e-04
5.749999999999999903e-04
1.222222222222222145e-04
3.611111111111110945e-05
4.388888888888888896e-04
4.416666666666666506e-04
2.750000000000000166e-04
8.333333333333333055e-05
1.138888888888888910e-04
1.583333333333333240e-04
3.055555555555555363e-05
1.388888888888888955e-05
3.611111111111110945e-05
3.055555555555555363e-05
1.111111111111111164e-05
2.777777777777777911e-06
1.027777777777777793e-04
8.055555555555555603e-05
5.277777777777777692e-05
8.611111111111110507e-05
1.333333333333333397e-04
8.333333333333333055e-05
2.222222222222222329e-05
3.055555555555555363e-05
5.833333333333333274e-05
2.500000000000000120e-05
1.111111111111111164e-05
8.333333333333333733e-06
8.333333333333333733e-06
4.749999999999999990e-04
3.361111111111111374e-04
1.805555555555555473e-04
5.555555555555555822e-05
4.111111111111111173e-04
4.805555555555555752e-04
2.916666666666666908e-04
3.055555555555555363e-05
1.749999999999999982e-04
1.305555555555555516e-04
4.722222222222222110e-05
5.555555555555555822e-06
1.388888888888888888e-04
3.055555555555555363e-05
1.666666666666666747e-05
4.777777777777777600e-04
6.138888888888888607e-04
1.083333333333333284e-04
2.777777777777777911e-05
4.055555555555555411e-04
2.999999999999999737e-04
1.972222222222222215e-04
6.666666666666666986e-05
1.388888888888888888e-04
2.944444444444444518e-04
4.166666666666666528e-05
1.111111111111111164e-05
6.111111111111110726e-05
5.555555555555555822e-05
1.111111111111111164e-05
5.555555555555555822e-06
1.472222222222222259e-04
2.083333333333333467e-04
3.333333333333333493e-05
8.333333333333333733e-06
1.805555555555555473e-04
1.388888888888888888e-04
4.444444444444444657e-05
1.111111111111111164e-05
4.444444444444444657e-05
4.722222222222222110e-05
1.944444444444444538e-05
2.777777777777777911e-06
5.555555555555555822e-06
2.777777777777777911e-06
4.166666666666666528e-05
3.333333333333333493e-05
2.222222222222222329e-05
2.777777777777777911e-06
3.333333333333333493e-05
2.777777777777777911e-05
2.500000000000000120e-05
2.777777777777777911e-06
2.777777777777777911e-05
2.777777777777777911e-06
5.555555555555555822e-06
3.888888888888889075e-05
4.722222222222222110e-05
7.222222222222221891e-05
5.555555555555555822e-06
6.111111111111110726e-05
3.333333333333333493e-05
7.222222222222221891e-05
3.888888888888889075e-05
1.944444444444444538e-05
2.500000000000000120e-05
2.777777777777777911e-06
5.555555555555555822e-06
5.555555555555555822e-06
1.111111111111111164e-05
1.000000000000000048e-04
6.944444444444444438e-05
5.000000000000000240e-05
5.555555555555555822e-06
1.388888888888888955e-05
6.111111111111110726e-05
4.444444444444444657e-05
1.111111111111111164e-05
5.000000000000000240e-05
3.611111111111110945e-05
1.944444444444444538e-05
2.777777777777777911e-06
8.333333333333333733e-06
8.333333333333333733e-06
1.388888888888888955e-05
1.666666666666666747e-05
5.000000000000000240e-05
2.222222222222222329e-05
3.055555555555555363e-05
1.388888888888888955e-05
1.111111111111111164e-05
2.777777777777777911e-06
5.555555555555555822e-06
1.944444444444444538e-05
5.555555555555555822e-06
8.333333333333333733e-06
5.555555555555555822e-06
1.388888888888888955e-05
8.333333333333333733e-06
5.555555555555555822e-06
2.777777777777777911e-06
2.777777777777777911e-06
8.333333333333333733e-06
2.777777777777777911e-06
5.555555555555555822e-06
2.777777777777777911e-06
1.388888888888888955e-05
5.555555555555555822e-06
2.777777777777777911e-06
5.555555555555555822e-06
1.444444444444444378e-04
6.111111111111110726e-05
3.333333333333333493e-05
6.666666666666666986e-05
1.250000000000000026e-04
5.555555555555555822e-05
9.722222222222221672e-05
1.944444444444444538e-05
3.888888888888889075e-05
2.777777777777777911e-06
6.111111111111110726e-05
2.777777777777777911e-06
2.777777777777777911e-06
4.166666666666666528e-05
2.500000000000000120e-05
8.333333333333333733e-06
3.888888888888889075e-05
5.555555555555555822e-05
6.388888888888889534e-05
5.555555555555555822e-06
5.555555555555555822e-06
1.388888888888888955e-05
9.722222222222221672e-05
1.333333333333333397e-04
2.777777777777777911e-06
9.722222222222221672e-05
5.277777777777777692e-05
1.944444444444444538e-05
1.000000000000000048e-04
3.888888888888889075e-05
5.277777777777777692e-05
4.166666666666666528e-05
5.555555555555555822e-06
1.388888888888888955e-05
5.833333333333333274e-05
5.833333333333333274e-05
1.666666666666666747e-05
1.666666666666666747e-05
5.555555555555555822e-06
1.111111111111111164e-05
1.388888888888888955e-05
2.500000000000000120e-05
1.944444444444444538e-05
1.111111111111111164e-05
3.888888888888889075e-05
2.777777777777777911e-06
2.777777777777777911e-06
2.777777777777777911e-06
5.555555555555555822e-06
2.777777777777777911e-06
8.333333333333333733e-06
8.333333333333333733e-06
1.388888888888888955e-05
8.333333333333333733e-06
5.555555555555555822e-06
3.055555555555555363e-05
2.222222222222222329e-05
7.222222222222221891e-05
2.222222222222222329e-05
5.555555555555555822e-06
1.333333333333333397e-04
1.111111111111111164e-05
8.611111111111110507e-05
1.666666666666666747e-05
3.333333333333333493e-05
1.250000000000000026e-04
2.777777777777777911e-06
1.944444444444444538e-05
3.333333333333333493e-05
2.777777777777777911e-06
5.555555555555555822e-06
1.027777777777777793e-04
6.666666666666666986e-05
1.666666666666666747e-05
3.055555555555555363e-05
1.444444444444444378e-04
3.611111111111110945e-05
5.833333333333333274e-05
5.555555555555555822e-06
9.166666666666666767e-05
1.944444444444444538e-05
2.777777777777777911e-06
7.499999999999999343e-05
8.333333333333333055e-05
3.055555555555555363e-05
6.944444444444444438e-05
6.388888888888889534e-05
4.166666666666666528e-05
5.555555555555555822e-06
1.166666666666666655e-04
7.777777777777778151e-05
8.333333333333333733e-06
1.944444444444444538e-05
5.277777777777777692e-05
6.388888888888889534e-05
2.777777777777777911e-06
5.555555555555555822e-06
5.555555555555555822e-06
5.555555555555555822e-06
5.277777777777777692e-05
5.555555555555555822e-05
3.888888888888889075e-05
5.833333333333333274e-05
2.500000000000000120e-05
2.777777777777777911e-06
3.888888888888889075e-05
1.944444444444444538e-05
2.500000000000000120e-05
3.611111111111110945e-05
1.944444444444444538e-05
4.722222222222222110e-05
4.444444444444444657e-05
2.777777777777777911e-05
2.777777777777777911e-06
8.333333333333333733e-06
1.111111111111111164e-05
8.333333333333333055e-05
2.500000000000000120e-05
1.666666666666666747e-05
5.555555555555555822e-06
2.777777777777777911e-06
2.777777777777777911e-06
5.555555555555555822e-06
2.222222222222222329e-05
1.944444444444444538e-05
2.222222222222222329e-05
2.777777777777777911e-06
4.444444444444444657e-05
3.888888888888889075e-05
1.666666666666666747e-05
3.055555555555555363e-05
1.111111111111111164e-05
1.666666666666666747e-05
8.333333333333333733e-06
8.333333333333333733e-06
1.111111111111111164e-05
2.777777777777777911e-06
1.944444444444444538e-05
5.555555555555555822e-06
5.555555555555555822e-06
8.333333333333333733e-06
5.555555555555555822e-06
2.777777777777777911e-06
2.777777777777777911e-06
4.444444444444444657e-05
4.166666666666666528e-05
4.166666666666666528e-05
6.388888888888889534e-05
5.277777777777777692e-05
6.388888888888889534e-05
1.388888888888888955e-05
2.500000000000000120e-05
1.944444444444444538e-05
1.111111111111111164e-05
1.111111111111111164e-05
2.500000000000000120e-05
1.388888888888888955e-05
2.777777777777777911e-06
3.611111111111110945e-05
5.555555555555555822e-05
9.166666666666666767e-05
2.777777777777777911e-06
6.666666666666666986e-05
5.833333333333333274e-05
5.555555555555555822e-05
8.333333333333333733e-06
1.666666666666666747e-05
5.555555555555555822e-05
5.555555555555555822e-06
6.388888888888889534e-05
2.777777777777777911e-05
2.777777777777777911e-06
3.333333333333333493e-05
2.777777777777777911e-06
5.555555555555555822e-06
5.555555555555555822e-06
5.555555555555555822e-06
2.777777777777777911e-06
4.444444444444444657e-05
6.666666666666666986e-05
2.777777777777777911e-06
1.944444444444444538e-05
3.055555555555555363e-05
3.333333333333333493e-05
2.777777777777777911e-06
1.666666666666666747e-05
8.333333333333333733e-06
3.888888888888889075e-05
1.388888888888888955e-05
2.777777777777777911e-06
1.944444444444444538e-05
1.575000000000000011e-03
1.030555555555555608e-03
3.333333333333333222e-04
6.055555555555555778e-04
1.305555555555555462e-03
4.972222222222222494e-04
1.111111111111111164e-04
7.472222222222222546e-04
1.416666666666666768e-04
6.388888888888889534e-05
2.222222222222222329e-05
1.388888888888888955e-05
8.777777777777777792e-04
5.138888888888889237e-04
1.388888888888888955e-05
3.222222222222222241e-04
1.211111111111111156e-03
8.499999999999999526e-04
3.888888888888889075e-05
8.305555555555555174e-04
9.722222222222221943e-04
7.333333333333333414e-04
1.666666666666666747e-05
5.444444444444444028e-04
7.222222222222221891e-05
1.388888888888888955e-05
5.555555555555555822e-06
3.055555555555555363e-05
1.047222222222222174e-03
5.083333333333332933e-04
2.777777777777777911e-05
4.083333333333333563e-04
4.916666666666666191e-04
3.888888888888889075e-05
8.888888888888889315e-05
1.111111111111111164e-05
1.944444444444444538e-05
1.111111111111111164e-05
3.333333333333333493e-05
4.166666666666666528e-05
1.388888888888888955e-05
1.666666666666666747e-05
9.722222222222221672e-05
3.611111111111110945e-05
2.777777777777777911e-06
3.055555555555555363e-05
9.277777777777778019e-04
6.444444444444444482e-04
1.777777777777777863e-04
2.750000000000000166e-04
4.388888888888888896e-04
7.083333333333333842e-04
8.333333333333333733e-06
3.861111111111111059e-04
4.166666666666666528e-05
8.333333333333333733e-06
4.611111111111110858e-04
3.138888888888888870e-04
3.055555555555555363e-05
2.472222222222222442e-04
1.272222222222222331e-03
9.333333333333333239e-04
5.277777777777777692e-05
9.583333333333332810e-04
1.180555555555555568e-03
7.166666666666666671e-04
8.333333333333333733e-06
5.222222222222222066e-04
3.055555555555555363e-05
1.111111111111111164e-05
5.833333333333333274e-05
9.444444444444444219e-05
1.075000000000000001e-03
9.222222222222221715e-04
3.055555555555555363e-05
3.416666666666666593e-04
1.052777777777777696e-03
9.138888888888888886e-04
2.222222222222222329e-05
7.138888888888889062e-04
5.861111111111111426e-04
1.350000000000000071e-03
1.250000000000000026e-04
6.083333333333333388e-04
1.388888888888888955e-05
1.388888888888888955e-05
5.555555555555555822e-05
6.972222222222222319e-04
4.916666666666666191e-04
6.388888888888889534e-05
4.722222222222222381e-04
1.111111111111111164e-04
2.777777777777777911e-06
1.944444444444444334e-04
2.777777777777777911e-06
3.611111111111110945e-05
5.833333333333333274e-05
8.333333333333333733e-06
2.222222222222222329e-05
5.277777777777777692e-05
1.388888888888888955e-05
1.416666666666666768e-04
5.277777777777777692e-05
1.111111111111111164e-05
1.000000000000000048e-04
1.016666666666666587e-03
7.500000000000000156e-04
6.388888888888889534e-05
4.444444444444444657e-04
3.888888888888888669e-04
7.222222222222221891e-04
6.388888888888889534e-05
4.555555555555555638e-04
1.666666666666666747e-05
5.000000000000000240e-05
2.777777777777777911e-06
3.333333333333333493e-05
5.555555555555555551e-04
3.416666666666666593e-04
9.444444444444444219e-05
3.861111111111111059e-04
8.083333333333333212e-04
5.000000000000000240e-05
1.361111111111111007e-04
3.055555555555555363e-05
2.777777777777777911e-05
1.388888888888888955e-05
6.944444444444444438e-05
2.777777777777777911e-06
1.333333333333333397e-04
6.111111111111110726e-05
1.250000000000000026e-04
9.166666666666666767e-05
3.333333333333333493e-05
2.777777777777777911e-06
6.111111111111110726e-05
1.000000000000000048e-04
4.444444444444444657e-05
1.388888888888888955e-05
5.555555555555555822e-06
2.000000000000000096e-04
2.777777777777777911e-06
3.055555555555555363e-05
2.777777777777777911e-06
5.555555555555555822e-06
2.222222222222222329e-05
8.888888888888889315e-05
2.500000000000000120e-05
1.111111111111111164e-05
4.444444444444444657e-05
7.499999999999999343e-05
1.083333333333333284e-04
1.666666666666666747e-05
3.333333333333333493e-05
3.888888888888889075e-05
3.611111111111110945e-05
7.777777777777778151e-05
4.444444444444444657e-05
2.777777777777777911e-06
8.333333333333333733e-06
1.111111111111111164e-05
4.722222222222222110e-05
2.444444444444444291e-04
1.638888888888889001e-04
1.666666666666666747e-05
6.944444444444444438e-05
6.666666666666666986e-05
1.222222222222222145e-04
1.666666666666666747e-05
1.777777777777777863e-04
5.555555555555555822e-06
8.333333333333333733e-06
5.555555555555555822e-06
1.000000000000000048e-04
4.166666666666666528e-05
8.333333333333333733e-06
7.222222222222221891e-05
9.694444444444444333e-04
7.777777777777777337e-04
1.027777777777777793e-04
3.305555555555555612e-04
5.805555555555555122e-04
1.027777777777777847e-03
1.111111111111111164e-05
5.249999999999999676e-04
1.138888888888888910e-04
2.777777777777777911e-05
5.555555555555555822e-06
2.500000000000000120e-05
4.194444444444444544e-04
2.611111111111111033e-04
2.222222222222222329e-05
2.500000000000000052e-04
6.916666666666667100e-04
6.583333333333333615e-04
4.166666666666666528e-05
3.083333333333333108e-04
4.888888888888888581e-04
7.083333333333333842e-04
6.944444444444444438e-05
4.638888888888889010e-04
2.777777777777777911e-06
1.111111111111111164e-05
5.555555555555555822e-06
1.944444444444444538e-05
3.833333333333333449e-04
2.694444444444444404e-04
5.833333333333333274e-05
2.166666666666666567e-04
6.111111111111110726e-05
2.777777777777777911e-05
3.611111111111110945e-05
1.388888888888888955e-05
2.777777777777777911e-06
2.777777777777777911e-06
1.388888888888888955e-05
2.777777777777777911e-06
5.555555555555555822e-06
5.555555555555555822e-06
2.222222222222222329e-05
1.111111111111111164e-05
1.111111111111111164e-05
1.944444444444444538e-05
6.416666666666666873e-04
3.750000000000000078e-04
1.166666666666666655e-04
8.888888888888889315e-05
3.194444444444444631e-04
3.888888888888888669e-04
6.944444444444444438e-05
1.666666666666666611e-04
5.555555555555555822e-06
4.722222222222222110e-05
5.555555555555555822e-06
2.777777777777777911e-06
2.694444444444444404e-04
1.499999999999999869e-04
3.333333333333333493e-05
1.027777777777777793e-04
8.611111111111111049e-04
6.222222222222222520e-04
2.777777777777777911e-05
6.166666666666666217e-04
1.177777777777777807e-03
5.361111111111111199e-04
8.333333333333333733e-06
4.777777777777777600e-04
4.166666666666666528e-05
2.777777777777777911e-06
2.500000000000000120e-05
3.333333333333333493e-05
5.777777777777777513e-04
1.391666666666666703e-03
8.333333333333333733e-06
1.777777777777777863e-04
7.972222222222221689e-04
9.305555555555555629e-04
1.666666666666666747e-05
6.611111111111111225e-04
7.500000000000000156e-04
1.211111111111111156e-03
9.444444444444444219e-05
6.222222222222222520e-04
2.777777777777777911e-06
1.388888888888888955e-05
1.666666666666666747e-05
5.055555555555555323e-04
6.805555555555555577e-04
5.833333333333333274e-05
2.472222222222222442e-04
8.333333333333333733e-06
2.777777777777777911e-06
1.388888888888888955e-05
5.833333333333333274e-05
2.222222222222222329e-05
6.388888888888889534e-05
1.666666666666666747e-05
4.444444444444444657e-05
1.027777777777777793e-04
1.666666666666666747e-05
1.888888888888888844e-04
1.472222222222222259e-04
1.111111111111111164e-05
4.722222222222222110e-05
1.127777777777777676e-03
7.277777777777778194e-04
3.888888888888889075e-05
5.361111111111111199e-04
5.527777777777777941e-04
6.916666666666667100e-04
5.833333333333333274e-05
4.694444444444444229e-04
7.222222222222221891e-05
5.277777777777777692e-05
8.333333333333333055e-05
4.833333333333333362e-04
5.638888888888888380e-04
3.055555555555555363e-05
2.305555555555555429e-04
6.750000000000000357e-04
8.833333333333333011e-04
1.111111111111111164e-05
6.166666666666666217e-04
7.249999999999999500e-04
1.063888888888888957e-03
8.055555555555555603e-05
5.666666666666667074e-04
1.111111111111111164e-05
4.166666666666666528e-05
1.083333333333333284e-04
1.944444444444444538e-05
6.805555555555555577e-04
1.133333333333333415e-03
5.277777777777777692e-05
2.361111111111111190e-04
9.083333333333333667e-04
1.183333333333333329e-03
9.166666666666666767e-05
8.499999999999999526e-04
1.191666666666666612e-03
1.561111111111111206e-03
2.249999999999999938e-04
8.833333333333333011e-04
5.555555555555555822e-06
2.750000000000000166e-04
3.333333333333333493e-05
1.111111111111111164e-05
9.666666666666666723e-04
9.444444444444444762e-04
6.944444444444444438e-05
1.638888888888889001e-04
2.500000000000000120e-05
4.166666666666666528e-05
1.111111111111111164e-05
1.666666666666666747e-05
1.638888888888889001e-04
6.944444444444444438e-05
1.555555555555555630e-04
2.777777777777777911e-06
6.388888888888889534e-05
3.333333333333333493e-05
2.777777777777777911e-06
4.444444444444444657e-05
5.555555555555555822e-05
1.111111111111111164e-05
7.666666666666666899e-04
5.805555555555555122e-04
2.777777777777777911e-05
4.916666666666666191e-04
4.916666666666666191e-04
5.972222222222221865e-04
3.611111111111110945e-05
5.388888888888888808e-04
3.888888888888889075e-05
1.583333333333333240e-04
2.777777777777777911e-06
1.944444444444444538e-05
5.277777777777777285e-04
3.944444444444444430e-04
5.555555555555555822e-05
1.166666666666666655e-04
4.722222222222222110e-05
1.111111111111111164e-05
6.111111111111110726e-05
1.666666666666666747e-05
5.555555555555555822e-06
3.888888888888889075e-05
1.111111111111111164e-05
3.333333333333333493e-05
4.444444444444444657e-05
1.805555555555555473e-04
1.083333333333333284e-04
8.333333333333333733e-06
4.166666666666666528e-05
2.777777777777777911e-06
1.611111111111111121e-04
5.555555555555555822e-05
8.333333333333333733e-06
2.777777777777777911e-06
2.305555555555555429e-04
6.111111111111110726e-05
1.388888888888888955e-05
5.555555555555555822e-06
6.666666666666666986e-05
2.500000000000000120e-05
2.777777777777777911e-06
1.555555555555555630e-04
8.888888888888889315e-05
8.333333333333333733e-06
5.555555555555555822e-05
2.777777777777777911e-06
2.777777777777777911e-06
1.111111111111111164e-05
2.777777777777777911e-06
8.611111111111110507e-05
5.833333333333333274e-05
2.777777777777777911e-06
3.333333333333333493e-05
5.277777777777777692e-05
5.277777777777777692e-05
5.555555555555555822e-06
1.944444444444444538e-05
5.555555555555555822e-06
8.333333333333333733e-06
1.111111111111111164e-05
7.777777777777778151e-05
8.055555555555555603e-05
5.277777777777777692e-05
4.722222222222222110e-05
5.277777777777777692e-05
1.388888888888888955e-05
5.277777777777777692e-05
5.277777777777777692e-05
5.555555555555555822e-06
3.611111111111110945e-05
6.972222222222222319e-04
5.749999999999999903e-04
1.944444444444444538e-05
4.694444444444444229e-04
4.861111111111110971e-04
6.250000000000000130e-04
2.777777777777777911e-05
4.805555555555555752e-04
6.666666666666666986e-05
1.111111111111111164e-05
1.333333333333333397e-04
5.194444444444444456e-04
6.666666666666666444e-04
4.166666666666666528e-05
2.388888888888888800e-04
6.638888888888888834e-04
5.055555555555555323e-04
4.722222222222222110e-05
4.583333333333333248e-04
5.916666666666666645e-04
6.250000000000000130e-04
3.055555555555555363e-05
4.972222222222222494e-04
8.333333333333333733e-06
6.388888888888889534e-05
5.555555555555555822e-06
5.138888888888889237e-04
4.055555555555555411e-04
7.777777777777778151e-05
1.166666666666666655e-04
8.333333333333333733e-06
1.000000000000000048e-04
2.777777777777777911e-06
1.027777777777777793e-04
7.222222222222221891e-05
9.166666666666666767e-05
2.222222222222222329e-05
1.250000000000000026e-04
3.611111111111110945e-05
2.777777777777777911e-06
3.888888888888889075e-05
3.333333333333333493e-05
8.333333333333333733e-06
1.666666666666666747e-05
5.722222222222222293e-04
3.888888888888888669e-04
6.388888888888889534e-05
2.222222222222222329e-04
4.277777777777777915e-04
3.666666666666666707e-04
5.555555555555555822e-06
2.027777777777777706e-04
2.222222222222222329e-05
1.055555555555555538e-04
1.388888888888888955e-05
3.083333333333333108e-04
2.999999999999999737e-04
3.333333333333333493e-05
1.222222222222222145e-04
3.833333333333333449e-04
1.305555555555555516e-04
7.499999999999999343e-05
4.166666666666666528e-05
2.777777777777777911e-06
2.777777777777777911e-06
2.138888888888888958e-04
5.555555555555555822e-06
7.777777777777778151e-05
1.388888888888888955e-05
4.166666666666666528e-05
2.777777777777777911e-06
5.277777777777777692e-05
1.388888888888888955e-05
2.777777777777777911e-06
1.944444444444444538e-05
1.055555555555555538e-04
8.333333333333333733e-06
3.611111111111110945e-05
1.111111111111111164e-05
1.666666666666666747e-05
8.333333333333333733e-06
5.555555555555555822e-06
1.388888888888888955e-05
8.888888888888889315e-05
9.166666666666666767e-05
1.499999999999999869e-04
6.388888888888889534e-05
2.777777777777777911e-05
1.250000000000000026e-04
1.000000000000000048e-04
3.333333333333333493e-05
9.166666666666666767e-05
2.777777777777777911e-06
1.111111111111111164e-05
5.277777777777777692e-05
6.111111111111110726e-05
5.000000000000000240e-05
5.000000000000000240e-05
5.000000000000000240e-05
1.388888888888888955e-05
1.111111111111111164e-05
2.222222222222222329e-05
7.222222222222221891e-05
5.555555555555555822e-05
5.555555555555555822e-06
3.055555555555555363e-05
8.333333333333333733e-06
1.388888888888888955e-05
1.944444444444444538e-05
5.555555555555555822e-06
2.777777777777777911e-06
1.944444444444444538e-05
8.333333333333333733e-06
5.555555555555555822e-06
2.222222222222222329e-05
1.166666666666666655e-04
8.333333333333333733e-06
7.222222222222221891e-05
5.555555555555555822e-06
2.777777777777777911e-06
7.222222222222221891e-05
2.777777777777777911e-06
1.944444444444444538e-05
8.333333333333333733e-06
5.555555555555555822e-06
1.027777777777777793e-04
3.333333333333333493e-05
1.666666666666666747e-05
2.777777777777777911e-06
8.333333333333333733e-06
8.333333333333333733e-06
5.555555555555555822e-05
1.388888888888888955e-05
1.666666666666666747e-05
1.944444444444444538e-05
1.777777777777777863e-04
1.944444444444444538e-05
1.388888888888888955e-05
8.333333333333333733e-06
6.666666666666666986e-05
2.777777777777777911e-05
4.722222222222222110e-05
4.166666666666666528e-05
5.555555555555555822e-06
3.055555555555555363e-05
2.500000000000000120e-05
5.555555555555555822e-06
2.777777777777777911e-05
6.666666666666666986e-05
7.499999999999999343e-05
8.333333333333333733e-06
2.777777777777777911e-05
6.111111111111110726e-05
9.166666666666666767e-05
5.555555555555555822e-06
5.555555555555555822e-06
8.333333333333333733e-06
2.777777777777777911e-06
6.388888888888889534e-05
5.555555555555555822e-05
5.277777777777777692e-05
4.166666666666666528e-05
4.722222222222222110e-05
5.555555555555555822e-06
5.555555555555555822e-05
1.666666666666666747e-05
2.777777777777777911e-06
1.666666666666666747e-05
3.055555555555555363e-05
2.777777777777777911e-05
8.055555555555555603e-05
5.833333333333333274e-05
4.722222222222222110e-05
2.777777777777777911e-06
8.333333333333333733e-06
2.500000000000000120e-05
1.638888888888889001e-04
2.222222222222222329e-05
4.444444444444444657e-05
2.777777777777777911e-05
1.111111111111111164e-05
1.111111111111111164e-05
2.777777777777777911e-06
1.944444444444444538e-05
3.333333333333333493e-05
1.111111111111111164e-05
3.333333333333333493e-05
5.555555555555555822e-06
3.333333333333333493e-05
7.222222222222221891e-05
2.777777777777777911e-06
6.388888888888889534e-05
7.777777777777778151e-05
3.055555555555555363e-05
5.555555555555555822e-06
2.777777777777777911e-06
5.555555555555555822e-06
4.166666666666666528e-05
3.611111111111110945e-05
2.777777777777777911e-05
2.222222222222222329e-05
3.333333333333333493e-05
8.333333333333333055e-05
5.555555555555555822e-06
3.055555555555555363e-05
3.611111111111110945e-05
1.111111111111111164e-05
2.777777777777777911e-06
2.777777777777777911e-06
1.111111111111111164e-05
2.500000000000000120e-05
5.555555555555555822e-06
5.555555555555555822e-06
5.555555555555555822e-06
1.111111111111111164e-05
5.555555555555555822e-06
2.777777777777777911e-06
2.777777777777777911e-06
8.333333333333333733e-06
7.222222222222221891e-05
3.888888888888889075e-05
2.500000000000000120e-05
3.055555555555555363e-05
2.500000000000000120e-05
2.777777777777777911e-06
1.944444444444444538e-05
2.777777777777777911e-06
2.777777777777777911e-06
2.500000000000000120e-05
3.055555555555555363e-05
2.500000000000000120e-05
1.388888888888888955e-05
3.333333333333333493e-05
6.111111111111110726e-05
5.555555555555555822e-06
1.944444444444444538e-05
4.722222222222222110e-05
1.666666666666666747e-05
5.555555555555555822e-06
1.944444444444444538e-05
1.111111111111111164e-05
1.388888888888888955e-05
8.333333333333333733e-06
3.055555555555555363e-05
2.777777777777777911e-05
2.777777777777777911e-06
1.111111111111111164e-05
2.777777777777777911e-06
2.777777777777777911e-06
5.555555555555555822e-06
2.777777777777777911e-06
2.777777777777777911e-06
5.555555555555555822e-06
1.666666666666666747e-05
2.777777777777777911e-05
5.555555555555555822e-06
1.666666666666666747e-05
8.333333333333333733e-06
8.333333333333333733e-06
8.333333333333333733e-06
2.777777777777777911e-06
2.777777777777777911e-06
1.111111111111111164e-05
1.388888888888888955e-05
8.333333333333333733e-06
1.075000000000000001e-03
6.861111111111110796e-04
1.111111111111111164e-04
3.833333333333333449e-04
7.388888888888888633e-04
7.277777777777778194e-04
2.777777777777777911e-05
6.250000000000000130e-04
7.777777777777778151e-05
5.833333333333333274e-05
1.388888888888888955e-05
3.333333333333333493e-05
3.861111111111111059e-04
3.472222222222222355e-04
3.055555555555555363e-05
2.000000000000000096e-04
8.277777777777777565e-04
8.750000000000000182e-04
5.833333333333333274e-05
3.944444444444444430e-04
5.972222222222221865e-04
7.027777777777777539e-04
1.027777777777777793e-04
4.249999999999999763e-04
5.555555555555555822e-06
5.277777777777777692e-05
4.861111111111110971e-04
4.027777777777777801e-04
7.777777777777778151e-05
2.388888888888888800e-04
1.333333333333333397e-04
1.194444444444444400e-04
1.111111111111111164e-05
3.888888888888889075e-05
2.222222222222222329e-05
1.944444444444444538e-05
2.777777777777777911e-06
2.777777777777777911e-05
2.222222222222222329e-05
1.666666666666666747e-05
1.388888888888888955e-05
8.611111111111110507e-05
5.000000000000000240e-05
1.111111111111111164e-05
5.833333333333333274e-05
5.916666666666666645e-04
3.249999999999999851e-04
1.277777777777777907e-04
1.222222222222222145e-04
3.611111111111110945e-04
3.972222222222222040e-04
4.166666666666666528e-05
1.111111111111111164e-04
5.555555555555555822e-06
3.055555555555555363e-05
2.777777777777777911e-06
8.333333333333333733e-06
2.694444444444444404e-04
1.972222222222222215e-04
5.833333333333333274e-05
1.305555555555555516e-04
9.333333333333333239e-04
8.194444444444444735e-04
5.277777777777777692e-05
4.611111111111110858e-04
5.527777777777777941e-04
6.777777777777777967e-04
1.027777777777777793e-04
4.611111111111110858e-04
5.555555555555555822e-06
1.944444444444444538e-05
9.722222222222221672e-05
8.888888888888889315e-05
5.472222222222222722e-04
6.944444444444444709e-04
5.555555555555555822e-05
2.027777777777777706e-04
9.111111111111111277e-04
8.916666666666666925e-04
9.444444444444444219e-05
5.500000000000000331e-04
8.194444444444444735e-04
8.305555555555555174e-04
1.361111111111111007e-04
5.611111111111110770e-04
1.388888888888888955e-05
1.555555555555555630e-04
2.777777777777777911e-05
5.555555555555555822e-06
7.749999999999999728e-04
6.083333333333333388e-04
9.166666666666666767e-05
1.222222222222222145e-04
2.500000000000000120e-05
6.388888888888889534e-05
2.777777777777777911e-06
1.388888888888888955e-05
5.833333333333333274e-05
7.499999999999999343e-05
2.777777777777777911e-05
5.000000000000000240e-05
2.777777777777777911e-06
2.500000000000000120e-05
3.333333333333333493e-05
2.777777777777777911e-06
2.222222222222222329e-05
2.222222222222222329e-05
1.111111111111111164e-05
5.666666666666667074e-04
3.277777777777778003e-04
7.499999999999999343e-05
1.805555555555555473e-04
3.027777777777777889e-04
3.249999999999999851e-04
1.388888888888888955e-05
1.555555555555555630e-04
3.055555555555555363e-05
6.666666666666666986e-05
8.333333333333333733e-06
5.555555555555555822e-06
2.944444444444444518e-04
1.916666666666666725e-04
3.333333333333333493e-05
6.111111111111110726e-05
8.055555555555555603e-05
5.555555555555555822e-05
1.111111111111111164e-05
3.611111111111110945e-05
3.055555555555555363e-05
3.611111111111110945e-05
1.111111111111111164e-05
4.166666666666666528e-05
2.222222222222222329e-05
4.722222222222222110e-05
2.777777777777777911e-06
1.944444444444444538e-05
2.500000000000000120e-05
8.333333333333333733e-06
2.222222222222222329e-05
5.000000000000000240e-05
4.722222222222222110e-05
2.777777777777777911e-06
3.055555555555555363e-05
2.500000000000000120e-05
2.777777777777777911e-05
1.388888888888888955e-05
1.944444444444444538e-05
5.555555555555555822e-06
3.333333333333333493e-05
1.388888888888888955e-05
5.555555555555555822e-06
2.500000000000000120e-05
1.111111111111111164e-05
8.333333333333333733e-06
2.222222222222222329e-05
8.333333333333333733e-06
8.333333333333333733e-06
1.111111111111111164e-05
2.777777777777777911e-06
2.222222222222222329e-05
1.111111111111111164e-05
2.777777777777777911e-06
2.777777777777777911e-06
5.555555555555555822e-06
2.777777777777777911e-06
8.333333333333333733e-06
2.222222222222222329e-05
5.555555555555555822e-06
1.388888888888888955e-05
2.222222222222222329e-05
1.111111111111111164e-05
2.777777777777777911e-06
5.555555555555555822e-06
5.555555555555555822e-06
8.333333333333333733e-06
5.944444444444444255e-04
3.777777777777777688e-04
1.000000000000000048e-04
1.527777777777777749e-04
4.583333333333333248e-04
4.138888888888888782e-04
5.833333333333333274e-05
1.416666666666666768e-04
3.055555555555555363e-05
5.000000000000000240e-05
8.333333333333333733e-06
2.222222222222222329e-05
1.888888888888888844e-04
2.222222222222222329e-04
3.333333333333333493e-05
1.166666666666666655e-04
6.083333333333333388e-04
3.916666666666666820e-04
4.166666666666666528e-05
1.861111111111111234e-04
5.555555555555555551e-04
3.777777777777777688e-04
8.055555555555555603e-05
1.888888888888888844e-04
1.111111111111111164e-05
5.555555555555555822e-05
2.500000000000000120e-05
8.333333333333333733e-06
2.972222222222222127e-04
1.555555555555555630e-04
3.055555555555555363e-05
4.166666666666666528e-05
2.777777777777777911e-05
1.666666666666666747e-05
1.111111111111111164e-05
1.944444444444444538e-05
2.777777777777777911e-05
2.777777777777777911e-06
5.555555555555555822e-06
5.555555555555555822e-06
2.777777777777777911e-06
2.777777777777777911e-06
2.222222222222222329e-05
5.555555555555555822e-06
3.750000000000000078e-04
1.472222222222222259e-04
5.555555555555555822e-05
6.111111111111110726e-05
2.444444444444444291e-04
1.861111111111111234e-04
1.944444444444444538e-05
6.111111111111110726e-05
1.388888888888888955e-05
1.666666666666666747e-05
2.777777777777777911e-06
2.777777777777777911e-06
1.277777777777777907e-04
8.888888888888889315e-05
2.777777777777777911e-06
3.333333333333333493e-05
