1.141250000000000077e-02
1.398749999999999993e-02
3.150000000000000022e-03
3.425000000000000093e-03
1.120624999999999920e-02
1.069375000000000013e-02
2.281249999999999858e-03
3.393750000000000065e-03
3.887499999999999897e-03
3.556249999999999949e-03
3.862500000000000048e-03
1.874999999999999836e-05
2.312499999999999886e-03
3.731250000000000192e-03
6.250000000000000130e-05
4.006250000000000262e-03
1.233749999999999951e-02
8.868749999999999897e-03
2.362500000000000017e-03
3.856249999999999869e-03
1.080000000000000057e-02
1.534374999999999975e-02
3.943750000000000207e-03
4.118750000000000015e-03
4.606250000000000101e-03
4.468749999999999632e-03
2.500000000000000120e-05
4.131250000000000373e-03
3.874999999999999972e-03
6.187500000000000291e-03
3.231250000000000181e-03
6.250000000000000300e-06
3.381250000000000141e-03
4.156250000000000222e-03
3.312499999999999906e-03
1.062499999999999941e-04
4.937500000000000049e-03
3.618750000000000005e-03
9.375000000000000195e-05
3.518750000000000176e-03
3.799999999999999992e-03
5.624999999999999846e-05
5.637500000000000150e-03
2.781249999999999868e-03
3.749999999999999671e-05
3.912500000000000179e-03
3.318750000000000085e-03
4.431250000000000293e-03
3.412500000000000169e-03
6.006250000000000304e-03
5.624999999999999846e-05
1.606250000000000039e-03
4.243750000000000126e-03
4.799999999999999580e-03
3.668750000000000136e-03
2.500000000000000120e-05
1.874999999999999836e-05
3.493749999999999894e-03
2.374999999999999941e-03
3.718749999999999833e-03
2.968750000000000035e-03
5.624999999999999846e-05
2.775000000000000123e-03
4.324999999999999852e-03
1.696249999999999841e-02
9.287500000000000616e-03
5.187500000000000271e-03
2.506249999999999797e-03
1.110624999999999980e-02
1.161249999999999956e-02
3.137500000000000098e-03
4.125000000000000194e-03
4.193750000000000429e-03
3.775000000000000144e-03
1.874999999999999836e-05
3.381250000000000141e-03
4.162500000000000401e-03
4.831249999999999607e-03
4.425000000000000114e-03
1.874999999999999836e-05
1.223125000000000080e-02
1.242500000000000028e-02
3.931249999999999849e-03
4.606250000000000101e-03
8.318749999999999756e-03
9.137499999999999789e-03
4.193750000000000429e-03
2.331249999999999989e-03
5.525000000000000397e-03
1.456250000000000079e-03
2.287500000000000037e-03
1.874999999999999836e-05
4.074999999999999629e-03
1.512499999999999956e-03
1.624999999999999925e-04
5.131250000000000394e-03
3.500000000000000073e-03
5.331250000000000051e-03
4.374999999999999956e-05
5.462500000000000341e-03
4.262499999999999796e-03
2.112499999999999795e-03
2.737499999999999916e-03
3.125000000000000065e-05
5.624999999999999846e-05
3.756250000000000040e-03
2.681250000000000040e-03
3.606250000000000080e-03
3.674999999999999881e-03
4.374999999999999956e-05
1.856250000000000044e-03
2.381250000000000120e-03
2.824999999999999820e-03
4.575000000000000074e-03
3.831250000000000020e-03
3.749999999999999671e-05
2.500000000000000052e-03
3.743750000000000116e-03
6.875000000000000414e-05
5.043749999999999623e-03
3.837500000000000199e-03
1.250000000000000060e-05
3.868749999999999793e-03
3.162499999999999947e-03
6.250000000000000130e-05
4.850000000000000144e-03
3.668750000000000136e-03
2.581250000000000211e-03
3.987499999999999725e-03
2.912500000000000158e-03
3.000000000000000062e-03
6.250000000000000130e-05
2.975000000000000214e-03
3.399999999999999811e-03
1.187499999999999998e-04
3.318750000000000085e-03
4.231249999999999768e-03
3.125000000000000065e-05
3.237499999999999926e-03
2.350000000000000092e-03
3.125000000000000065e-05
3.837500000000000199e-03
3.712500000000000088e-03
1.962499999999999835e-03
3.512499999999999997e-03
3.099999999999999891e-03
6.250000000000000130e-05
1.368749999999999958e-03
3.456250000000000121e-03
3.093750000000000146e-03
2.918749999999999904e-03
1.062499999999999941e-04
3.125000000000000065e-05
3.581249999999999798e-03
2.356249999999999838e-03
3.187499999999999795e-03
2.537499999999999825e-03
1.812499999999999875e-04
2.006249999999999787e-03
3.537499999999999846e-03
3.781249999999999889e-03
6.875000000000000414e-05
3.412500000000000169e-03
3.668750000000000136e-03
2.249999999999999938e-04
4.312500000000000361e-03
4.093750000000000167e-03
3.387499999999999886e-03
1.224999999999999960e-03
5.731250000000000233e-03
1.129999999999999928e-02
1.351250000000000021e-02
1.781250000000000064e-03
4.112499999999999836e-03
1.319999999999999993e-02
1.237500000000000058e-02
1.250000000000000060e-05
3.625000000000000184e-03
3.449999999999999942e-03
4.975000000000000255e-03
3.099999999999999891e-03
1.250000000000000060e-05
2.112499999999999795e-03
4.387499999999999907e-03
3.425000000000000093e-03
2.943750000000000186e-03
1.559374999999999997e-02
9.168749999999999817e-03
1.493750000000000069e-03
2.799999999999999972e-03
8.156250000000000305e-03
1.241249999999999992e-02
4.068750000000000318e-03
3.606250000000000080e-03
8.124999999999999627e-05
1.156249999999999943e-03
3.493749999999999894e-03
2.756250000000000019e-03
3.725000000000000012e-03
6.250000000000000300e-06
5.000000000000000240e-05
4.843749999999999965e-03
3.912500000000000179e-03
3.543750000000000025e-03
3.431249999999999838e-03
3.749999999999999671e-05
4.131250000000000373e-03
2.062500000000000097e-03
3.737499999999999937e-03
4.731250000000000212e-03
3.518750000000000176e-03
1.874999999999999836e-05
1.399999999999999986e-03
1.437499999999999976e-03
6.250000000000000130e-05
4.318749999999999672e-03
3.493749999999999894e-03
1.250000000000000060e-05
3.268749999999999954e-03
3.493749999999999894e-03
2.500000000000000120e-05
4.293749999999999824e-03
3.581249999999999798e-03
3.550000000000000204e-03
3.125000000000000065e-05
3.725000000000000012e-03
3.062500000000000118e-03
2.243750000000000085e-03
4.825000000000000296e-03
6.250000000000000300e-06
2.731250000000000171e-03
3.081249999999999788e-03
2.350000000000000092e-03
3.249999999999999851e-03
1.313749999999999987e-02
9.475000000000000783e-03
3.393750000000000065e-03
2.937500000000000007e-03
1.245625000000000031e-02
1.416875000000000079e-02
4.393750000000000086e-03
5.000000000000000240e-05
5.649999999999999641e-03
3.987499999999999725e-03
8.749999999999999911e-05
3.256250000000000030e-03
4.818750000000000117e-03
2.656250000000000191e-03
2.718749999999999813e-03
2.743750000000000095e-03
1.038124999999999985e-02
1.570625000000000146e-02
2.412500000000000148e-03
5.912500000000000221e-03
1.459375000000000082e-02
7.762500000000000303e-03
