2.531875000000000098e-02
6.374999999999999591e-03
9.368750000000000341e-03
1.093124999999999999e-02
4.318749999999999672e-03
5.999999999999999474e-04
4.587500000000000432e-03
5.081249999999999829e-03
8.356250000000000830e-03
7.962500000000000827e-03
6.362500000000000100e-03
2.874999999999999951e-04
9.043749999999999706e-03
7.418749999999999997e-03
4.000000000000000192e-04
7.662500000000000040e-03
5.456250000000000162e-03
3.687499999999999914e-04
5.224999999999999610e-03
5.737500000000000412e-03
4.062499999999999814e-04
3.256250000000000030e-03
6.199999999999999782e-03
7.250000000000000368e-03
5.262499999999999817e-03
5.412499999999999777e-03
8.518750000000000280e-03
1.124999999999999969e-04
6.412499999999999797e-03
5.875000000000000014e-03
1.124999999999999969e-04
8.906249999999999237e-03
9.368750000000000341e-03
5.618749999999999613e-03
6.356249999999999921e-03
1.499999999999999869e-04
6.331250000000000072e-03
5.731250000000000233e-03
6.106249999999999699e-03
5.624999999999999846e-05
5.918750000000000400e-03
6.181250000000000112e-03
4.462500000000000321e-03
1.812499999999999875e-04
1.749999999999999982e-04
1.124999999999999969e-04
4.812500000000000154e-04
1.687500000000000089e-04
1.255000000000000039e-02
6.043749999999999643e-03
5.687500000000000281e-04
7.606250000000000164e-03
7.287499999999999707e-03
6.656249999999999840e-03
2.124999999999999882e-04
6.468749999999999674e-03
4.124999999999999977e-04
1.937499999999999932e-04
5.437499999999999625e-04
1.687500000000000089e-04
5.868749999999999835e-03
7.125000000000000257e-03
4.000000000000000192e-04
3.024999999999999911e-03
6.812499999999999979e-03
4.562500000000000041e-04
4.150000000000000043e-03
7.749999999999999944e-03
3.375000000000000179e-04
3.537499999999999846e-03
7.006250000000000325e-03
8.106250000000000608e-03
5.762500000000000261e-03
7.499999999999999722e-03
7.756250000000000124e-03
1.250000000000000026e-04
6.893749999999999704e-03
5.968750000000000097e-03
1.187499999999999998e-04
5.281250000000000354e-03
5.375000000000000003e-04
6.843750000000000007e-03
5.737500000000000412e-03
6.199999999999999782e-03
5.768749999999999573e-03
2.004374999999999907e-02
1.090624999999999928e-02
1.101875000000000077e-02
8.574999999999999289e-03
1.145624999999999942e-02
7.356249999999999942e-03
2.124999999999999882e-04
7.743749999999999765e-03
1.001874999999999988e-02
2.500000000000000052e-04
8.362500000000000142e-03
9.243750000000000230e-03
6.137499999999999727e-03
5.418749999999999956e-03
3.749999999999999671e-05
6.818750000000000158e-03
1.033749999999999947e-02
7.612500000000000343e-03
8.124999999999999627e-05
7.537499999999999929e-03
7.037500000000000352e-03
3.831250000000000020e-03
3.749999999999999671e-05
4.374999999999999956e-05
1.312499999999999919e-04
2.812499999999999787e-04
2.062499999999999989e-04
6.637500000000000171e-03
7.112499999999999899e-03
1.875000000000000039e-04
9.031249999999999348e-03
6.731250000000000254e-03
1.117499999999999917e-02
2.999999999999999737e-04
8.687500000000000777e-03
2.500000000000000052e-04
4.749999999999999990e-04
1.437499999999999976e-04
3.687499999999999914e-04
6.762500000000000282e-03
7.187500000000000312e-03
5.437499999999999625e-04
4.493750000000000348e-03
9.881249999999999409e-03
5.318749999999999693e-03
6.431250000000000334e-03
3.499999999999999964e-04
5.356249999999999900e-03
7.043749999999999664e-03
5.493750000000000369e-03
1.312499999999999919e-04
6.193749999999999603e-03
7.768749999999999614e-03
3.693749999999999985e-03
3.187500000000000229e-04
2.937500000000000115e-04
1.000000000000000048e-04
7.749999999999999728e-04
3.937500000000000028e-04
5.737500000000000412e-03
6.568749999999999936e-03
6.612500000000000322e-03
1.062499999999999941e-04
5.812499999999999958e-03
8.337499999999999425e-03
8.606249999999999317e-03
1.875000000000000039e-04
7.012499999999999636e-03
8.206250000000000003e-03
5.024999999999999953e-03
2.312500000000000102e-04
3.749999999999999671e-05
1.062499999999999941e-04
3.937500000000000028e-04
3.499999999999999964e-04
7.074999999999999692e-03
6.331250000000000072e-03
4.518750000000000197e-03
6.312499999999999752e-04
5.806249999999999779e-03
8.474999999999999895e-03
4.862499999999999635e-03
4.312499999999999927e-04
5.156250000000000243e-03
4.831249999999999607e-03
2.556249999999999929e-03
4.687499999999999827e-04
1.562500000000000033e-04
1.375000000000000083e-04
2.812499999999999787e-04
8.124999999999999627e-05
2.437499999999999888e-04
2.500000000000000120e-05
1.687500000000000089e-04
2.124999999999999882e-04
5.000000000000000240e-05
1.812499999999999875e-04
1.124999999999999969e-04
4.874999999999999776e-04
7.749999999999999728e-04
4.062499999999999814e-04
6.187500000000000508e-04
6.250000000000000300e-06
7.312500000000000206e-04
1.049999999999999935e-03
1.250000000000000060e-05
1.237500000000000102e-03
1.055624999999999966e-02
7.562499999999999778e-03
6.812499999999999979e-04
6.737500000000000433e-03
6.343750000000000430e-03
5.737500000000000412e-03
3.499999999999999964e-04
6.162499999999999575e-03
6.250000000000000130e-04
2.062499999999999989e-04
4.625000000000000205e-04
2.624999999999999838e-04
7.818749999999999312e-03
7.056250000000000022e-03
9.125000000000000082e-04
3.612499999999999826e-03
7.668750000000000219e-03
4.693750000000000006e-03
3.312500000000000015e-04
6.049999999999999822e-03
6.250000000000000347e-03
8.712499999999999759e-03
3.874999999999999864e-04
6.199999999999999782e-03
2.750000000000000166e-04
4.124999999999999977e-04
2.874999999999999951e-04
1.937499999999999932e-04
6.768749999999999593e-03
4.975000000000000255e-03
7.500000000000000156e-04
3.637500000000000108e-03
1.118749999999999953e-03
1.312499999999999919e-04
5.937499999999999853e-04
3.812500000000000242e-04
1.437499999999999976e-04
3.687499999999999914e-04
4.625000000000000205e-04
2.687500000000000002e-04
5.187500000000000054e-04
5.437499999999999625e-04
4.937500000000000482e-04
6.250000000000000300e-06
4.124999999999999977e-04
2.624999999999999838e-04
1.875000000000000039e-04
6.543750000000000087e-03
6.587499999999999606e-03
2.437499999999999888e-04
4.324999999999999852e-03
6.550000000000000266e-03
6.631249999999999992e-03
3.375000000000000179e-04
4.668750000000000157e-03
5.937499999999999853e-04
5.500000000000000331e-04
6.875000000000000414e-05
2.750000000000000166e-04
3.587499999999999977e-03
3.043750000000000015e-03
2.937500000000000115e-04
1.537500000000000021e-03
