1.266874999999999946e-02
1.159374999999999989e-02
2.818750000000000075e-03
3.137500000000000098e-03
1.190000000000000085e-02
1.109374999999999944e-02
2.981249999999999959e-03
3.275000000000000133e-03
3.818750000000000096e-03
2.468750000000000024e-03
2.368750000000000196e-03
2.068749999999999842e-03
2.824999999999999820e-03
3.056249999999999939e-03
1.906249999999999958e-03
1.856250000000000044e-03
1.207500000000000066e-02
1.176250000000000039e-02
2.975000000000000214e-03
3.362500000000000037e-03
1.164374999999999959e-02
1.221875000000000044e-02
3.200000000000000153e-03
3.862500000000000048e-03
3.918750000000000358e-03
3.125000000000000173e-03
1.850000000000000082e-03
1.868749999999999968e-03
3.024999999999999911e-03
4.150000000000000043e-03
1.912499999999999921e-03
2.168750000000000105e-03
3.618750000000000005e-03
4.062500000000000139e-03
2.087499999999999946e-03
1.956250000000000090e-03
3.700000000000000164e-03
3.768749999999999965e-03
1.537500000000000021e-03
1.693749999999999943e-03
2.050000000000000173e-03
2.262500000000000188e-03
4.499999999999999660e-03
3.993749999999999904e-03
2.037499999999999815e-03
1.893750000000000034e-03
3.431249999999999838e-03
3.631249999999999929e-03
2.893750000000000055e-03
4.356249999999999879e-03
1.843749999999999903e-03
1.368749999999999958e-03
3.599999999999999901e-03
4.268749999999999975e-03
2.075000000000000022e-03
2.381250000000000120e-03
1.693749999999999943e-03
2.087499999999999946e-03
3.106250000000000070e-03
3.824999999999999841e-03
2.000000000000000042e-03
2.643749999999999833e-03
3.218749999999999823e-03
3.249999999999999851e-03
1.590000000000000094e-02
1.214999999999999934e-02
4.000000000000000083e-03
3.975000000000000235e-03
1.168125000000000066e-02
9.450000000000000067e-03
3.487500000000000148e-03
3.674999999999999881e-03
5.000000000000000104e-03
3.068749999999999863e-03
2.174999999999999850e-03
1.981249999999999938e-03
3.625000000000000184e-03
3.656250000000000212e-03
2.099999999999999870e-03
2.012499999999999966e-03
1.274374999999999987e-02
1.031250000000000049e-02
3.993749999999999904e-03
3.762499999999999786e-03
9.556250000000000508e-03
8.187500000000000333e-03
3.075000000000000042e-03
3.299999999999999982e-03
4.174999999999999892e-03
2.687499999999999785e-03
1.662499999999999915e-03
1.718750000000000009e-03
3.324999999999999831e-03
3.768749999999999965e-03
2.150000000000000001e-03
2.575000000000000032e-03
5.187500000000000271e-03
3.931249999999999849e-03
2.306250000000000140e-03
2.550000000000000183e-03
3.956249999999999697e-03
2.674999999999999861e-03
1.549999999999999946e-03
1.874999999999999931e-03
2.343749999999999913e-03
1.600000000000000077e-03
2.443750000000000176e-03
2.674999999999999861e-03
2.500000000000000052e-03
1.724999999999999971e-03
2.550000000000000183e-03
3.162499999999999947e-03
2.881250000000000130e-03
4.306250000000000182e-03
2.806250000000000151e-03
1.993749999999999863e-03
2.625000000000000163e-03
3.562500000000000128e-03
2.456250000000000100e-03
2.656250000000000191e-03
1.881249999999999893e-03
2.037499999999999815e-03
2.356249999999999838e-03
3.924999999999999670e-03
1.981249999999999938e-03
3.474999999999999790e-03
3.681250000000000060e-03
3.768749999999999965e-03
2.906249999999999979e-03
3.537499999999999846e-03
1.868749999999999968e-03
1.631250000000000104e-03
2.743750000000000095e-03
3.550000000000000204e-03
1.856250000000000044e-03
1.756249999999999999e-03
1.806249999999999913e-03
2.431249999999999818e-03
2.993749999999999883e-03
2.768749999999999944e-03
1.275000000000000092e-03
2.125000000000000153e-03
2.993749999999999883e-03
2.512499999999999976e-03
3.662499999999999957e-03
2.862500000000000027e-03
1.549999999999999946e-03
1.843749999999999903e-03
3.137500000000000098e-03
2.312499999999999886e-03
1.325000000000000006e-03
1.437499999999999976e-03
2.000000000000000042e-03
2.118749999999999974e-03
1.987500000000000117e-03
2.281249999999999858e-03
1.525000000000000097e-03
1.643750000000000029e-03
2.406249999999999969e-03
2.550000000000000183e-03
1.381250000000000099e-03
2.481249999999999949e-03
3.106250000000000070e-03
3.306250000000000161e-03
2.218749999999999802e-03
3.187499999999999795e-03
3.775000000000000144e-03
4.024999999999999932e-03
2.412500000000000148e-03
5.587499999999999585e-03
1.318749999999999957e-02
1.305000000000000084e-02
1.931250000000000024e-03
4.300000000000000003e-03
1.209375000000000033e-02
1.275625000000000023e-02
1.899999999999999996e-03
2.156250000000000180e-03
3.743750000000000116e-03
4.012499999999999574e-03
1.825000000000000016e-03
1.662499999999999915e-03
3.275000000000000133e-03
3.931249999999999849e-03
1.893750000000000034e-03
2.737499999999999916e-03
1.170000000000000033e-02
1.183750000000000080e-02
2.237499999999999906e-03
2.556249999999999929e-03
1.145624999999999942e-02
1.286874999999999998e-02
4.206249999999999920e-03
3.418749999999999914e-03
2.256250000000000009e-03
1.037500000000000011e-03
3.268749999999999954e-03
3.018750000000000166e-03
2.193749999999999954e-03
1.443749999999999938e-03
2.287500000000000037e-03
2.268749999999999933e-03
4.237499999999999947e-03
3.050000000000000194e-03
1.649999999999999991e-03
2.593750000000000135e-03
2.975000000000000214e-03
2.306250000000000140e-03
3.212500000000000078e-03
3.018750000000000166e-03
2.818750000000000075e-03
1.825000000000000016e-03
1.968750000000000014e-03
1.631250000000000104e-03
1.856250000000000044e-03
1.925000000000000062e-03
1.893750000000000034e-03
1.418750000000000089e-03
2.899999999999999800e-03
3.550000000000000204e-03
1.343749999999999892e-03
2.425000000000000072e-03
3.512499999999999997e-03
3.718749999999999833e-03
1.587499999999999935e-03
1.468750000000000003e-03
3.299999999999999982e-03
2.593750000000000135e-03
2.224999999999999981e-03
1.149999999999999981e-03
2.231250000000000160e-03
2.462499999999999845e-03
2.662499999999999936e-03
2.856249999999999848e-03
1.181874999999999939e-02
1.266874999999999946e-02
3.868749999999999793e-03
3.075000000000000042e-03
1.246875000000000067e-02
1.458749999999999977e-02
2.299999999999999961e-03
2.543750000000000004e-03
4.612500000000000280e-03
2.356249999999999838e-03
1.731249999999999933e-03
1.837499999999999941e-03
3.937500000000000028e-03
3.518750000000000176e-03
2.218749999999999802e-03
2.931249999999999828e-03
1.148125000000000014e-02
1.373749999999999971e-02
2.256250000000000009e-03
4.962499999999999897e-03
1.496874999999999942e-02
1.220625000000000009e-02
