2.574374999999999927e-02
7.462500000000000383e-03
9.493750000000000452e-03
1.006874999999999958e-02
5.843749999999999986e-03
2.162499999999999926e-03
5.950000000000000427e-03
8.381249999999999811e-03
1.244999999999999926e-02
8.656250000000000749e-03
8.418749999999999151e-03
1.025000000000000086e-03
8.500000000000000611e-03
7.125000000000000257e-03
7.875000000000000056e-04
7.637500000000000192e-03
6.649999999999999661e-03
2.500000000000000052e-03
6.125000000000000236e-03
6.300000000000000044e-03
2.218749999999999802e-03
3.781249999999999889e-03
5.181250000000000092e-03
6.762500000000000282e-03
7.649999999999999682e-03
7.324999999999999914e-03
5.975000000000000276e-03
6.250000000000000130e-04
5.768749999999999573e-03
7.300000000000000065e-03
5.249999999999999676e-04
6.762500000000000282e-03
1.020000000000000073e-02
6.275000000000000196e-03
6.706250000000000405e-03
8.937500000000000132e-04
9.443750000000000755e-03
5.781249999999999931e-03
5.468749999999999653e-03
5.062499999999999726e-04
6.374999999999999591e-03
6.387499999999999949e-03
3.368750000000000216e-03
7.937499999999999677e-04
9.499999999999999981e-04
3.624999999999999750e-04
4.000000000000000192e-04
2.187500000000000046e-04
9.543750000000000150e-03
4.668750000000000157e-03
4.437500000000000255e-04
5.306250000000000203e-03
6.162499999999999575e-03
4.918750000000000379e-03
3.562500000000000128e-04
4.168749999999999713e-03
6.375000000000000458e-04
3.437499999999999801e-04
2.937500000000000115e-04
2.812499999999999787e-04
8.399999999999999481e-03
6.293749999999999865e-03
5.312500000000000382e-04
4.456250000000000142e-03
4.418749999999999935e-03
2.187500000000000208e-03
6.425000000000000155e-03
5.324999999999999872e-03
2.212500000000000057e-03
6.468749999999999674e-03
7.068750000000000380e-03
7.368750000000000300e-03
8.718750000000000805e-03
7.043749999999999664e-03
6.643750000000000350e-03
5.500000000000000331e-04
6.150000000000000085e-03
7.875000000000000056e-03
6.124999999999999802e-04
5.381249999999999749e-03
2.187500000000000208e-03
5.487500000000000190e-03
5.324999999999999872e-03
6.718749999999999896e-03
6.599999999999999964e-03
2.481250000000000122e-02
8.293750000000000774e-03
1.047499999999999994e-02
6.543750000000000087e-03
8.800000000000000530e-03
6.381249999999999770e-03
9.499999999999999981e-04
7.450000000000000025e-03
1.113749999999999983e-02
6.562500000000000408e-04
7.993750000000000855e-03
6.450000000000000004e-03
5.850000000000000165e-03
6.381249999999999770e-03
6.375000000000000458e-04
6.825000000000000337e-03
7.250000000000000368e-03
6.831249999999999649e-03
6.375000000000000458e-04
6.000000000000000125e-03
5.412499999999999777e-03
3.362500000000000037e-03
8.937500000000000132e-04
7.374999999999999828e-04
6.312499999999999752e-04
2.687500000000000002e-04
1.937499999999999932e-04
5.781249999999999931e-03
4.462500000000000321e-03
2.937500000000000115e-04
4.749999999999999882e-03
7.431250000000000355e-03
7.618749999999999654e-03
3.562500000000000128e-04
5.131250000000000394e-03
3.624999999999999750e-04
1.749999999999999982e-04
1.624999999999999925e-04
1.312499999999999919e-04
8.699999999999999400e-03
6.087500000000000029e-03
6.625000000000000029e-04
4.137499999999999685e-03
1.219374999999999973e-02
6.318749999999999714e-03
6.481250000000000032e-03
1.162499999999999905e-03
6.756250000000000103e-03
5.749999999999999903e-03
4.662499999999999978e-03
7.812500000000000434e-04
7.825000000000000358e-03
5.062500000000000160e-03
4.774999999999999731e-03
6.625000000000000029e-04
4.687499999999999827e-04
4.000000000000000192e-04
5.624999999999999575e-04
8.124999999999999627e-04
6.624999999999999813e-03
5.668750000000000178e-03
5.762500000000000261e-03
5.562499999999999953e-04
5.856250000000000344e-03
6.968750000000000118e-03
6.281250000000000375e-03
4.812500000000000154e-04
7.293749999999999886e-03
5.531249999999999709e-03
3.956249999999999697e-03
4.499999999999999877e-04
4.375000000000000091e-04
3.937500000000000028e-04
2.750000000000000166e-04
6.437500000000000080e-04
6.856250000000000365e-03
5.224999999999999610e-03
4.100000000000000346e-03
1.068750000000000039e-03
6.237499999999999989e-03
4.774999999999999731e-03
3.687499999999999806e-03
7.312500000000000206e-04
3.350000000000000113e-03
3.150000000000000022e-03
1.506249999999999993e-03
6.124999999999999802e-04
4.625000000000000205e-04
2.750000000000000166e-04
5.062499999999999726e-04
2.062499999999999989e-04
7.749999999999999728e-04
3.812500000000000242e-04
6.062500000000000180e-04
4.625000000000000205e-04
3.687499999999999914e-04
1.875000000000000039e-04
4.874999999999999776e-04
3.874999999999999864e-04
4.187500000000000141e-04
1.624999999999999925e-04
2.750000000000000166e-04
1.124999999999999969e-04
2.062499999999999989e-04
2.062499999999999989e-04
1.749999999999999982e-04
2.812499999999999787e-04
9.731250000000000316e-03
4.881250000000000172e-03
1.162499999999999905e-03
6.368750000000000279e-03
6.331250000000000072e-03
7.862499999999999697e-03
4.187500000000000141e-04
5.293749999999999845e-03
1.081249999999999963e-03
4.249999999999999763e-04
4.625000000000000205e-04
2.249999999999999938e-04
7.887500000000000414e-03
6.275000000000000196e-03
8.375000000000000283e-04
3.668750000000000136e-03
5.337500000000000230e-03
6.231249999999999810e-03
4.749999999999999990e-04
6.362500000000000100e-03
7.368750000000000300e-03
1.239375000000000025e-02
3.812500000000000242e-04
6.374999999999999591e-03
5.125000000000000432e-04
6.499999999999999702e-04
3.249999999999999851e-04
3.125000000000000065e-04
4.993749999999999925e-03
5.968750000000000097e-03
5.249999999999999676e-04
4.449999999999999963e-03
7.749999999999999728e-04
6.375000000000000458e-04
5.187500000000000054e-04
3.812500000000000242e-04
6.187500000000000508e-04
1.006249999999999983e-03
2.687500000000000002e-04
3.375000000000000179e-04
4.312499999999999927e-04
3.687499999999999914e-04
1.499999999999999869e-04
1.437499999999999976e-04
9.187499999999999703e-04
6.687499999999999651e-04
1.812499999999999875e-04
3.062499999999999901e-04
8.406250000000000527e-03
6.206249999999999961e-03
2.000000000000000096e-04
3.981250000000000414e-03
5.618749999999999613e-03
6.306250000000000223e-03
2.000000000000000096e-04
2.943750000000000186e-03
4.312499999999999927e-04
3.750000000000000078e-04
5.624999999999999846e-05
2.124999999999999882e-04
4.237499999999999947e-03
4.337500000000000210e-03
3.499999999999999964e-04
1.787500000000000026e-03
