1.263749999999999943e-02
1.596875000000000031e-02
4.437499999999999604e-03
5.687499999999999847e-03
1.517499999999999925e-02
1.590000000000000094e-02
3.568749999999999874e-03
5.150000000000000064e-03
3.693749999999999985e-03
3.518750000000000176e-03
2.700000000000000143e-03
2.831249999999999999e-03
3.737499999999999937e-03
4.056249999999999960e-03
2.243750000000000085e-03
3.087499999999999967e-03
1.476875000000000063e-02
1.452499999999999972e-02
3.518750000000000176e-03
3.975000000000000235e-03
1.255000000000000039e-02
1.617499999999999841e-02
3.068749999999999863e-03
3.781249999999999889e-03
3.249999999999999851e-03
4.381249999999999728e-03
2.081250000000000201e-03
2.431249999999999818e-03
3.156250000000000201e-03
4.087499999999999988e-03
2.206249999999999878e-03
2.625000000000000163e-03
4.400000000000000265e-03
3.843749999999999944e-03
2.837500000000000178e-03
2.806250000000000151e-03
3.868749999999999793e-03
3.906250000000000000e-03
2.599999999999999881e-03
2.850000000000000103e-03
2.187500000000000208e-03
2.056249999999999918e-03
3.581249999999999798e-03
3.481249999999999969e-03
2.312499999999999886e-03
2.062500000000000097e-03
3.512499999999999997e-03
3.356249999999999858e-03
4.956249999999999718e-03
3.937500000000000028e-03
2.531250000000000080e-03
2.187500000000000208e-03
4.406249999999999577e-03
3.668750000000000136e-03
2.393750000000000044e-03
2.018750000000000145e-03
2.412500000000000148e-03
2.562500000000000108e-03
3.281249999999999879e-03
3.212500000000000078e-03
2.437499999999999997e-03
2.481249999999999949e-03
3.599999999999999901e-03
3.362500000000000037e-03
1.238749999999999921e-02
1.204375000000000064e-02
3.906250000000000000e-03
4.725000000000000033e-03
1.211250000000000000e-02
1.204999999999999995e-02
3.674999999999999881e-03
3.537499999999999846e-03
3.449999999999999942e-03
3.743750000000000116e-03
2.618749999999999984e-03
3.131249999999999919e-03
3.650000000000000033e-03
3.924999999999999670e-03
2.331249999999999989e-03
2.575000000000000032e-03
1.220625000000000009e-02
1.215625000000000039e-02
3.268749999999999954e-03
2.937500000000000007e-03
9.981250000000000538e-03
1.105000000000000079e-02
2.218749999999999802e-03
2.881250000000000130e-03
3.418749999999999914e-03
3.981250000000000414e-03
2.200000000000000133e-03
2.443750000000000176e-03
2.606250000000000060e-03
3.575000000000000053e-03
1.449999999999999900e-03
2.324999999999999810e-03
3.324999999999999831e-03
2.937500000000000007e-03
2.318750000000000065e-03
1.906249999999999958e-03
3.043750000000000015e-03
2.437499999999999997e-03
2.006249999999999787e-03
1.449999999999999900e-03
1.925000000000000062e-03
1.899999999999999996e-03
3.293749999999999803e-03
3.200000000000000153e-03
1.943749999999999948e-03
1.662499999999999915e-03
2.887499999999999876e-03
2.768749999999999944e-03
3.968750000000000056e-03
2.856249999999999848e-03
2.281249999999999858e-03
1.587499999999999935e-03
2.949999999999999931e-03
2.806250000000000151e-03
1.743750000000000074e-03
1.918750000000000100e-03
2.081250000000000201e-03
1.943749999999999948e-03
2.937500000000000007e-03
2.749999999999999840e-03
1.624999999999999925e-03
1.812500000000000092e-03
2.537499999999999825e-03
3.050000000000000194e-03
3.399999999999999811e-03
3.243750000000000105e-03
2.268749999999999933e-03
2.293750000000000216e-03
2.931249999999999828e-03
3.456250000000000121e-03
1.862500000000000006e-03
2.850000000000000103e-03
1.843749999999999903e-03
1.568750000000000049e-03
3.081249999999999788e-03
3.468750000000000045e-03
2.024999999999999890e-03
2.387499999999999865e-03
2.806250000000000151e-03
3.881250000000000151e-03
3.399999999999999811e-03
3.618750000000000005e-03
1.981249999999999938e-03
2.193749999999999954e-03
3.287500000000000058e-03
3.462499999999999866e-03
2.224999999999999981e-03
2.181250000000000029e-03
1.818750000000000054e-03
2.406249999999999969e-03
2.943750000000000186e-03
3.462499999999999866e-03
2.156250000000000180e-03
2.418749999999999893e-03
2.806250000000000151e-03
3.749999999999999861e-03
2.412500000000000148e-03
1.750000000000000036e-03
3.143749999999999843e-03
2.975000000000000214e-03
2.056249999999999918e-03
2.081250000000000201e-03
3.031250000000000090e-03
3.618750000000000005e-03
2.475000000000000203e-03
2.174999999999999850e-03
1.008124999999999993e-02
9.249999999999999542e-03
2.843749999999999924e-03
2.856249999999999848e-03
1.043750000000000060e-02
9.612499999999999517e-03
2.612499999999999805e-03
2.362500000000000017e-03
3.037499999999999836e-03
2.912500000000000158e-03
2.581250000000000211e-03
1.987500000000000117e-03
3.506249999999999818e-03
3.075000000000000042e-03
3.093750000000000146e-03
3.187499999999999795e-03
9.962499999999999134e-03
1.008124999999999993e-02
3.712500000000000088e-03
3.306250000000000161e-03
1.031250000000000049e-02
1.135625000000000002e-02
2.906249999999999979e-03
2.512499999999999976e-03
2.262500000000000188e-03
2.050000000000000173e-03
2.856249999999999848e-03
2.381250000000000120e-03
2.024999999999999890e-03
1.681250000000000019e-03
1.874999999999999931e-03
2.212500000000000057e-03
3.674999999999999881e-03
4.118750000000000015e-03
2.368750000000000196e-03
2.368750000000000196e-03
3.206249999999999899e-03
4.206249999999999920e-03
3.406249999999999990e-03
2.731250000000000171e-03
1.956250000000000090e-03
1.506249999999999993e-03
2.868750000000000206e-03
2.799999999999999972e-03
1.600000000000000077e-03
1.793749999999999989e-03
2.599999999999999881e-03
2.399999999999999790e-03
3.256250000000000030e-03
3.787500000000000068e-03
1.874999999999999931e-03
2.818750000000000075e-03
2.993749999999999883e-03
4.162500000000000401e-03
1.825000000000000016e-03
1.299999999999999940e-03
2.606250000000000060e-03
2.043749999999999994e-03
1.825000000000000016e-03
1.206250000000000074e-03
2.418749999999999893e-03
2.068749999999999842e-03
2.912500000000000158e-03
2.231250000000000160e-03
1.001874999999999988e-02
9.350000000000000672e-03
2.700000000000000143e-03
2.481249999999999949e-03
9.400000000000000369e-03
9.562499999999999820e-03
2.318750000000000065e-03
1.575000000000000011e-03
2.650000000000000012e-03
2.200000000000000133e-03
1.825000000000000016e-03
1.868749999999999968e-03
2.524999999999999901e-03
2.862500000000000027e-03
3.225000000000000002e-03
3.118749999999999994e-03
9.712500000000000647e-03
9.662499999999999215e-03
2.818750000000000075e-03
3.225000000000000002e-03
1.008749999999999925e-02
9.237499999999999184e-03
